,2021,2020,2019,2018,2017,2016,2015,2014,2013,2012,2011,2010,2009,2008,2007,2006,2005,2004,2003,2002,2001,2000,1999,1998,1997,1996,1995,1994,1993,1992,1991,1990,1989,1988,1987,1986,1985
reportedCurrency,USD,USD,USD,USD,USD,USD,USD,USD,USD,USD,USD,USD,USD,USD,USD,USD,USD,USD,USD,USD,USD,USD,USD,USD,USD,USD,USD,USD,USD,USD,USD,USD,USD,USD,USD,USD,USD
cik,0000277948,0000277948,0000277948,0000277948,0000277948,0000277948,0000277948,0000277948,0000277948,0000277948,0000277948,0000277948,0000277948,0000277948,0000277948,0000277948,0000277948,0000277948,0000277948,0000277948,0000277948,0000277948,0000277948,0000277948,0000277948,0000277948,0000277948,0000277948,0000277948,0000277948,0000277948,0000277948,0000277948,0000277948,0000277948,0000277948,0000277948
fillingDate,2022-02-16,2021-02-10,2020-02-12,2019-02-06,2018-02-07,2017-02-14,2016-02-10,2015-02-11,2014-02-12,2013-02-19,2012-02-21,2011-02-18,2010-02-19,2009-02-19,2008-02-22,2007-02-15,2006-02-24,2005-03-08,2004-03-10,2003-02-26,2002-03-04,2001-03-01,1999-12-31,1999-03-03,1997-12-26,1996-12-27,1995-12-29,1995-03-03,1993-12-31,1992-12-31,1991-12-31,1990-12-31,1989-12-31,1988-12-31,1987-12-31,1986-12-31,1985-12-31
acceptedDate,2022-02-16 14:53:10,2021-02-10 14:43:02,2020-02-12 16:22:04,2019-02-06 14:15:56,2018-02-07 14:01:18,2017-02-14 09:41:29,2016-02-10 11:48:55,2015-02-11 11:14:51,2014-02-12 16:15:05,2013-02-19 15:27:46,2012-02-21 13:43:35,2011-02-18 11:05:56,2010-02-19 08:56:51,2009-02-18 19:07:09,2008-02-22 14:58:08,2007-02-14 18:08:19,2006-02-24 13:48:45,2005-03-08 12:19:38,2004-03-10 16:05:16,2003-02-26 12:21:53,2002-03-04 00:00:00,2001-03-01 00:00:00,1999-12-31,1999-03-03 00:00:00,1997-12-26,1996-12-27,1995-12-29,1995-03-03,1993-12-31,1992-12-31,1991-12-31,1990-12-31,1989-12-31,1988-12-31,1987-12-31,1986-12-31,1985-12-31
calendarYear,2021,2020,2019,2018,2017,2016,2015,2014,2013,2012,2011,2010,2009,2008,2007,2006,2005,2004,2003,2002,2001,2000,1999,1998,1997,1996,1995,1994,1993,1992,1991,1990,1989,1988,1987,1986,1985
period,FY,FY,FY,FY,FY,FY,FY,FY,FY,FY,FY,FY,FY,FY,FY,FY,FY,FY,FY,FY,FY,FY,FY,FY,FY,FY,FY,FY,FY,FY,FY,FY,FY,FY,FY,FY,FY
cashAndCashEquivalents,2239000000,3129000000,958000000,858000000,401000000,603000000,628000000,669000000,592000000,784000000,783000000,1292000000,1029000000,669000000,368000000,461000000,309000000,859000000,368000000,264000000,618000000,684000000,974000000,533000000,690000000,682000000,660000000,535000000,298000000,530000000,465000000,609000000,534000000,625000000,921000000,315000000,187000000
shortTermInvestments,77000000,2000000.0,996000000,253000000,18000000,417000000,810000000,292000000,487000000,587000000,523000000,54000000,61000000,76000000,346000000,439000000,293000000,0.0,368000000,225000.0,0.0,0.0,0.0,0.0,0.0,0.0,0.0,0.0,0.0,0.0,0.0,0.0,0.0,0.0,0.0,0.0,0.0
cashAndShortTermInvestments,2316000000,3131000000,1954000000,1111000000,419000000,1020000000,1438000000,961000000,1079000000,1371000000,1306000000,1346000000,1090000000,745000000,714000000,900000000,602000000,859000000,736000000,264225000,618000000,684000000,974000000,533000000,690000000,682000000,660000000,535000000,298000000,530000000,465000000,609000000,534000000,625000000,921000000,315000000,187000000
netReceivables,1148000000,912000000,986000000,1010000000,970000000,938000000,982000000,1129000000,1052000000,962000000,1129000000,993000000,995000000,1107000000,1174000000,1174000000,1202000000,1143000000,1163000000,799000000,878000000,850000000,1135000000,898000000,987000000,894000000,832000000,706000000,668000000,605000000,728000000,728000000,645000000,896000000,876000000,1182000000,1299000000
inventory,339000000,302000000,261000000,263000000,372000000,407000000,350000000,273000000,252000000,274000000,240000000,218000000,203000000,217000000,240000000,204000000,199000000,165000000,170000000,180000000,206000000,245000000,220000000,225000000,227000000,229000000,220000000,211000000,199000000,189000000,206000000,257000000,237000000,241000000,363000000,356000000,428000000
otherCurrentAssets,70000000,96000000,77000000,181000000,154000000,122000000,70000000,209000000,219000000,194000000,260000000,298000000,282000000,322000000,363000000,394000000,369000000,820000000,-166000000,545775000,372000000,267000000,234000000,328000000,271000000,267000000,223000000,213000000,406000000,97000000,136000000,131000000,295000000,673000000,230000000,248000000,136000000
totalCurrentAssets,3873000000,4441000000,3278000000,2565000000,1915000000,2487000000,2840000000,2572000000,2602000000,2801000000,2935000000,2855000000,2570000000,2391000000,2491000000,2672000000,2372000000,2987000000,1903000000,1789000000,2074000000,2046000000,2563000000,1984000000,2175000000,2072000000,1935000000,1665000000,1571000000,1421000000,1535000000,1725000000,1711000000,2435000000,2390000000,2101000000,2050000000
propertyPlantEquipmentNet,33516000000,32916000000,32700000000,31998000000,31764000000,31150000000,30174000000,28584000000,27291000000,26050000000,24974000000,23799000000,23213000000,22688000000,21780000000,20923000000,20163000000,19945000000,13730000000,13286000000,12972000000,12642000000,12257000000,12645000000,12406000000,11906000000,11297000000,11044000000,10788000000,10636000000,10177000000,9991000000,9652000000,9631000000,10162000000,9403000000,9107000000
goodwill,276000000,0.0,0.0,0.0,63000000,0.0,0.0,0.0,0.0,0.0,64000000,70000000,64000000,64000000,0.0,0.0,0.0,0.0,0.0,0.0,0.0,0.0,0.0,0.0,0.0,0.0,0.0,0.0,0.0,0.0,0.0,0.0,0.0,0.0,0.0,0.0,0.0
intangibleAssets,175000000,0.0,0.0,0.0,0.0,0.0,0.0,0.0,0.0,0.0,0.0,0.0,0.0,0.0,0.0,0.0,0.0,0.0,0.0,0.0,0.0,0.0,0.0,0.0,0.0,0.0,0.0,0.0,0.0,0.0,0.0,0.0,0.0,0.0,0.0,0.0,0.0
goodwillAndIntangibleAssets,451000000,0.0,0.0,0.0,63000000,0.0,0.0,0.0,0.0,0.0,64000000,70000000,64000000,64000000,0.0,0.0,0.0,0.0,0.0,0.0,0.0,0.0,0.0,0.0,0.0,0.0,0.0,0.0,0.0,0.0,0.0,0.0,0.0,0.0,0.0,0.0,0.0
longTermInvestments,2099000000,1985000000,1879000000,1779000000,1686000000,1459000000,1394000000,1356000000,1298000000,1206000000,1171000000,1134000000,1088000000,1015000000,1004000000,607000000,603000000,574000000,4678000000,4653000000,5037000000,5030000000,0.0,5246000000,4638000000,2310000000,312000000,302000000,0.0,0.0,0.0,0.0,0.0,0.0,0.0,0.0,0.0
taxAssets,0.0,0.0,0.0,0.0,0.0,9596000000,9179000000,8858000000,8662000000,8096000000,7601000000,0.0,6585000000,6235000000,6096000000,6110000000,6082000000,0.0,3752000000,3567000000,3621000000,3384000000,0.0,3173000000,2939000000,2720000000,2560000000,2570000000,0.0,0.0,0.0,0.0,0.0,0.0,0.0,0.0,0.0
otherNonCurrentAssets,592000000,451000000,400000000,387000000,311000000,-9278000000,-8842000000,-8317000000,-8071000000,-7582000000,-7272000000,283000000,-6484000000,-6105000000,-5837000000,-5183000000,-4988000000,1075000000,-2303000000,-2344000000,-2903000000,-2611000000,5900000000,-2621000000,-2201000000,-2043000000,-1822000000,-1857000000,1061000000,992000000,1086000000,1088000000,935000000,960000000,679000000,1157000000,337000000
totalNonCurrentAssets,36658000000,35352000000,34979000000,34164000000,33824000000,32927000000,31905000000,30481000000,29180000000,27770000000,26538000000,25286000000,24466000000,23897000000,23043000000,22457000000,21860000000,21594000000,19857000000,19162000000,18727000000,18445000000,18157000000,18443000000,17782000000,14893000000,12347000000,12059000000,11849000000,11628000000,11263000000,11079000000,10587000000,10591000000,10841000000,10560000000,9444000000
otherAssets,0.0,0.0,0.0,0.0,0.0,0.0,0.0,0.0,0.0,0.0,0.0,0.0,0.0,0.0,0.0,0.0,0.0,0.0,0.0,0.0,0.0,0.0,0.0,0.0,0.0,0.0,0.0,0.0,0.0,0.0,0.0,0.0,0.0,0.0,0.0,0.0,0.0
totalAssets,40531000000,39793000000,38257000000,36729000000,35739000000,35414000000,34745000000,33053000000,31782000000,30571000000,29473000000,28141000000,27036000000,26288000000,25534000000,25129000000,24232000000,24581000000,21760000000,20951000000,20801000000,20491000000,20720000000,20427000000,19957000000,16965000000,14282000000,13724000000,13420000000,13049000000,12798000000,12804000000,12298000000,13026000000,13231000000,12661000000,11494000000
accountPayables,963000000,809000000,1043000000,949000000,847000000,806000000,764000000,845000000,957000000,1014000000,1147000000,1046000000,967000000,973000000,976000000,974000000,954000000,879000000,827000000,802000000,966000000,1079000000,1197000000,1216000000,1179000000,1189000000,1121000000,1992000000,1965000000,2066000000,2079000000,1946000000,1867000000,0.0,0.0,0.0,0.0
shortTermDebt,181000000,401000000,245000000,18000000,19000000,331000000,20000000,228000000,533000000,780000000,507000000,613000000,113000000,320000000,787000000,600000000,937000000,1084000000,428000000,534000000,225000000,749000000,923000000,187000000,126000000,335000000,148000000,201000000,310000000,214000000,398000000,357000000,464000000,1196000000,323000000,336000000,208000000
taxPayables,134000000,73000000,69000000,106000000,157000000,129000000,108000000,163000000,91000000,85000000,129000000,85000000,112000000,125000000,113000000,114000000,102000000,170000000,123000000,144000000,0.0,0.0,0.0,0.0,0.0,0.0,0.0,0.0,0.0,0.0,0.0,0.0,0.0,0.0,0.0,0.0,0.0
deferredRevenue,0.0,0.0,0.0,0.0,0.0,9596000000,126000000,141000000,155000000,119000000,182000000,0.0,158000000,11000000,254000000,251000000,225000000,0.0,136000000,0.0,0.0,0.0,0.0,0.0,0.0,0.0,0.0,0.0,0.0,0.0,0.0,0.0,0.0,0.0,0.0,0.0,0.0
otherCurrentLiabilities,1089000000,809000000,863000000,948000000,1028000000,-8693000000,1042000000,893000000,779000000,714000000,851000000,878000000,627000000,1100000000,654000000,697000000,863000000,1354000000,819000000,1118000000,2112000000,1452000000,1353000000,1197000000,1402000000,1233000000,1722000000,312000000,0.0,0.0,0.0,0.0,0.0,1865000000,1575000000,1511000000,1744000000
totalCurrentLiabilities,2233000000,2019000000,2151000000,1915000000,1894000000,2040000000,1952000000,2107000000,2424000000,2627000000,2687000000,2537000000,1865000000,2404000000,2671000000,2522000000,2979000000,3317000000,2210000000,2454000000,3303000000,3280000000,3473000000,2600000000,2707000000,2757000000,2991000000,2505000000,2275000000,2280000000,2477000000,2303000000,2331000000,3061000000,1898000000,1847000000,1952000000
longTermDebt,16663000000,16759000000,15993000000,14739000000,11790000000,10962000000,10515000000,9514000000,9022000000,9052000000,8734000000,8051000000,7895000000,7512000000,6470000000,5362000000,5093000000,6234000000,6886000000,6519000000,5839000000,5810000000,6196000000,6432000000,6416000000,4331000000,2222000000,2618000000,3133000000,3245000000,2804000000,3025000000,2727000000,3032000000,3162000000,3285000000,2499000000
deferredRevenueNonCurrent,0.0,0.0,0.0,0.0,0.0,0.0,0.0,0.0,0.0,0.0,0.0,0.0,0.0,0.0,0.0,0.0,0.0,0.0,0.0,0.0,0.0,0.0,0.0,0.0,0.0,0.0,0.0,0.0,0.0,0.0,0.0,0.0,0.0,0.0,0.0,0.0,0.0
deferredTaxLiabilitiesNonCurrent,7383000000,7168000000,6961000000,6690000000,6418000000,9596000000,9305000000,8858000000,8662000000,8096000000,7601000000,7053000000,0.0,0.0,0.0,0.0,0.0,5979000000,0.0,0.0,0.0,0.0,3227000000,0.0,0.0,0.0,0.0,0.0,2341000000,2082000000,2221000000,2534000000,2378000000,2176000000,2296000000,1903000000,1572000000
otherNonCurrentLiabilities,752000000,737000000,1289000000,805000000,916000000,1137000000,1321000000,1422000000,1191000000,1808000000,1996000000,1800000000,8430000000,8324000000,7708000000,8303000000,8206000000,2240000000,6211000000,5737000000,5539000000,5384000000,2068000000,5515000000,5068000000,4882000000,4827000000,4870000000,2491000000,2467000000,2114000000,1401000000,1341000000,1515000000,1017000000,753000000,876000000
totalNonCurrentLiabilities,24798000000,24664000000,24243000000,22234000000,19124000000,21695000000,21141000000,19794000000,18875000000,18956000000,18331000000,16904000000,16325000000,15836000000,14178000000,13665000000,13299000000,14453000000,13097000000,12256000000,11378000000,11194000000,11491000000,11947000000,11484000000,9213000000,7049000000,7488000000,7965000000,7794000000,7139000000,6960000000,6446000000,6723000000,6475000000,5941000000,4947000000
otherLiabilities,0.0,0.0,0.0,0.0,0.0,0.0,0.0,0.0,0.0,0.0,0.0,0.0,0.0,0.0,0.0,0.0,0.0,0.0,0.0,0.0,0.0,0.0,0.0,0.0,0.0,0.0,0.0,0.0,0.0,0.0,0.0,0.0,0.0,0.0,0.0,0.0,0.0
capitalLeaseObligations,478000000,455000000,493000000,0.0,0.0,0.0,0.0,0.0,0.0,0.0,0.0,0.0,0.0,0.0,0.0,0.0,0.0,0.0,0.0,0.0,0,0,0,0,0,0,0,0,0,0,0,0,0,0,0,0,0
totalLiabilities,27031000000,26683000000,26394000000,24149000000,21018000000,23735000000,23093000000,21901000000,21299000000,21583000000,21018000000,19441000000,18190000000,18240000000,16849000000,16187000000,16278000000,17770000000,15307000000,14710000000,14681000000,14474000000,14964000000,14547000000,14191000000,11970000000,10040000000,9993000000,10240000000,10074000000,9616000000,9263000000,8777000000,9784000000,8373000000,7788000000,6899000000
preferredStock,0,0.0,0.0,0.0,0.0,0.0,0.0,0.0,0.0,0.0,0.0,0.0,0.0,0.0,0.0,0.0,0.0,0.0,0.0,0.0,0,0,0,0,0,0,0,0,0,0,0,0,0,0,0,0,0
commonStock,2202000000,763000000,773000000,818000000,890000000,928000000,966000000,992000000,1009000000,1020000000,1049000000,370000000,393000000,391000000,408000000,438000000,218000000,216000000,215000000,215000000,214000000,213000000,218000000,217000000,218000000,217000000,210000000,105000000,0.0,0.0,0.0,0.0,0.0,0.0,0.0,0.0,0.0
retainedEarnings,11630000000,12527000000,11404000000,12157000000,14084000000,11253000000,11238000000,10734000000,9936000000,8876000000,8275000000,9087000000,9182000000,8398000000,8565000000,7427000000,6262000000,5210000000,4957000000,4797000000,4459000000,4337000000,4034000000,4294000000,4016000000,3452000000,2822000000,2391000000,1927000000,1622000000,1863000000,2282000000,2013000000,1907000000,2932000000,2980000000,2741000000
accumulatedOtherComprehensiveIncomeLoss,-408000000,-598000000,-675000000,-661000000,-486000000,-640000000,-665000000,-666000000,-523000000,-936000000,-875000000,-771000000,-809000000,-741000000,-325000000,-392000000,-277000000,-220000000,-298000000,-318000000,2894000000,2934000000,-5269000000,2738000000,3064000000,2652000000,2420000000,2470000000,-5066000000,-5066000000,-4999000000,-4936000000,-4610000000,-4417000000,-4681000000,-4461000000,-4555000000
othertotalStockholdersEquity,0.0,409000000,346000000,249000000,217000000,138000000,113000000,92000000,61000000,28000000,6000000.0,0.0,80000000,0.0,37000000,1469000000,1751000000,1605000000,1579000000,1547000000,0.0,0.0,6773000000,0.0,0.0,0.0,0.0,0.0,6319000000,6419000000,6318000000,6195000000,6118000000,5752000000,6607000000,6354000000,6409000000
totalStockholdersEquity,13490000000,13101000000,11848000000,12563000000,14705000000,11679000000,11652000000,11152000000,10483000000,8988000000,8455000000,8686000000,8846000000,8048000000,8685000000,8942000000,7954000000,6811000000,6453000000,6241000000,6120000000,6017000000,5756000000,5880000000,5766000000,4995000000,4242000000,3731000000,3180000000,2975000000,3182000000,3541000000,3521000000,3242000000,4858000000,4873000000,4595000000
totalLiabilitiesAndStockholdersEquity,40521000000,39784000000,38242000000,36712000000,35723000000,35414000000,34745000000,33053000000,31782000000,30571000000,29473000000,28127000000,27036000000,26288000000,25534000000,25129000000,24232000000,24581000000,21760000000,20951000000,20801000000,20491000000,20720000000,20427000000,19957000000,16965000000,14282000000,13724000000,13420000000,13049000000,12798000000,12804000000,12298000000,13026000000,13231000000,12661000000,11494000000
minorityInterest,10000000,9000000,15000000,17000000,16000000,0,0,0,0,0,0,14000000,0,0,0,0,0,0,0,0,0,0,0,0,0,0,0,0,0,0,0,0,0,0,0,0,0
totalEquity,13500000000,13110000000,11863000000,12580000000,14721000000,11679000000,11652000000,11152000000,10483000000,8988000000,8455000000,8700000000,8846000000,8048000000,8685000000,8942000000,7954000000,6811000000,6453000000,6241000000,6120000000,6017000000,5756000000,5880000000,5766000000,4995000000,4242000000,3731000000,3180000000,2975000000,3182000000,3541000000,3521000000,3242000000,4858000000,4873000000,4595000000
totalLiabilitiesAndTotalEquity,40531000000,39793000000,38257000000,36729000000,35739000000,35414000000,34745000000,33053000000,31782000000,30571000000,29473000000,28141000000,27036000000,26288000000,25534000000,25129000000,24232000000,24581000000,21760000000,20951000000,20801000000,20491000000,20720000000,20427000000,19957000000,16965000000,14282000000,13724000000,13420000000,13049000000,12798000000,12804000000,12298000000,13026000000,13231000000,12661000000,11494000000
totalInvestments,2176000000,1987000000,2875000000,2032000000,1704000000,1876000000,2204000000,1648000000,1785000000,1793000000,1694000000,1188000000,1149000000,1091000000,1350000000,1046000000,896000000,0.0,5046000000,4653225000,5037000000,5030000000,0.0,5246000000,4638000000,2310000000,312000000,302000000,0.0,0.0,0.0,0.0,0.0,0.0,0.0,0.0,0.0
totalDebt,16844000000,17160000000,16238000000,14757000000,11809000000,11293000000,10535000000,9742000000,9555000000,9832000000,9241000000,8664000000,8008000000,7832000000,7257000000,5962000000,6030000000,7318000000,7314000000,7053000000,6064000000,6559000000,7119000000,6619000000,6542000000,4666000000,2370000000,2819000000,3443000000,3459000000,3202000000,3382000000,3191000000,4228000000,3485000000,3621000000,2707000000
netDebt,14605000000,14031000000,15280000000,13899000000,11408000000,10690000000,9907000000,9073000000,8963000000,9048000000,8458000000,7372000000,6979000000,7163000000,6889000000,5501000000,5721000000,6459000000,6946000000,6789000000,5446000000,5875000000,6145000000,6086000000,5852000000,3984000000,1710000000,2284000000,3145000000,2929000000,2737000000,2773000000,2657000000,3603000000,2564000000,3306000000,2520000000
link,https://www.sec.gov/Archives/edgar/data/277948/000027794822000009/0000277948-22-000009-index.htm,https://www.sec.gov/Archives/edgar/data/277948/000027794821000014/0000277948-21-000014-index.htm,https://www.sec.gov/Archives/edgar/data/277948/000027794820000008/0000277948-20-000008-index.htm,https://www.sec.gov/Archives/edgar/data/277948/000027794819000011/0000277948-19-000011-index.htm,https://www.sec.gov/Archives/edgar/data/277948/000027794818000009/0000277948-18-000009-index.htm,https://www.sec.gov/Archives/edgar/data/277948/000027794817000009/0000277948-17-000009-index.htm,https://www.sec.gov/Archives/edgar/data/277948/000027794816000046/0000277948-16-000046-index.htm,https://www.sec.gov/Archives/edgar/data/277948/000027794815000010/0000277948-15-000010-index.htm,https://www.sec.gov/Archives/edgar/data/277948/000027794814000011/0000277948-14-000011-index.htm,https://www.sec.gov/Archives/edgar/data/277948/000027794813000008/0000277948-13-000008-index.htm,https://www.sec.gov/Archives/edgar/data/277948/000027794812000014/0000277948-12-000014-index.htm,https://www.sec.gov/Archives/edgar/data/277948/000114036111010655/0001140361-11-010655-index.htm,https://www.sec.gov/Archives/edgar/data/277948/000027794810000013/0000277948-10-000013-index.htm,https://www.sec.gov/Archives/edgar/data/277948/000027794809000042/0000277948-09-000042-index.htm,https://www.sec.gov/Archives/edgar/data/277948/000027794808000036/0000277948-08-000036-index.htm,https://www.sec.gov/Archives/edgar/data/277948/000119312507032135/0001193125-07-032135-index.htm,https://www.sec.gov/Archives/edgar/data/277948/000095014406001485/0000950144-06-001485-index.htm,https://www.sec.gov/Archives/edgar/data/277948/000095014405002216/0000950144-05-002216-index.htm,https://www.sec.gov/Archives/edgar/data/277948/000095014404002244/0000950144-04-002244-index.htm,https://www.sec.gov/Archives/edgar/data/277948/000091664103000356/0000916641-03-000356-index.htm,https://www.sec.gov/Archives/edgar/data/277948/000091664102000350/0000916641-02-000350-index.html,https://www.sec.gov/Archives/edgar/data/277948/000102140801001422/0001021408-01-001422-index.html,,https://www.sec.gov/Archives/edgar/data/277948/000027794899000002/0000277948-99-000002-index.html,,,,https://www.sec.gov/Archives/edgar/data/277948/0000277948-95-000003-index.html,,,,,,,,,
finalLink,https://www.sec.gov/Archives/edgar/data/277948/000027794822000009/csx-20211231.htm,https://www.sec.gov/Archives/edgar/data/277948/000027794821000014/csx-20201231.htm,https://www.sec.gov/Archives/edgar/data/277948/000027794820000008/csx-12312019x10k.htm,https://www.sec.gov/Archives/edgar/data/277948/000027794819000011/csx-12312018x10k.htm,https://www.sec.gov/Archives/edgar/data/277948/000027794818000009/csx-12312017x10k.htm,https://www.sec.gov/Archives/edgar/data/277948/000027794817000009/csx-12302016x10k.htm,https://www.sec.gov/Archives/edgar/data/277948/000027794816000046/csx-12252015x10k.htm,https://www.sec.gov/Archives/edgar/data/277948/000027794815000010/csx-12262014x10k.htm,https://www.sec.gov/Archives/edgar/data/277948/000027794814000011/csx-12272013x10k.htm,https://www.sec.gov/Archives/edgar/data/277948/000027794813000008/csx-12282012x10k.htm,https://www.sec.gov/Archives/edgar/data/277948/000027794812000014/csx-12302011x10k.htm,https://www.sec.gov/Archives/edgar/data/277948/000114036111010655/document_10k.htm,https://www.sec.gov/Archives/edgar/data/277948/000027794810000013/document_10k.htm,https://www.sec.gov/Archives/edgar/data/277948/000027794809000042/document_10k.htm,https://www.sec.gov/Archives/edgar/data/277948/000027794808000036/form2007_10k.htm,https://www.sec.gov/Archives/edgar/data/277948/000119312507032135/d10k.htm,https://www.sec.gov/Archives/edgar/data/277948/000095014406001485/g99714e10vk.htm,https://www.sec.gov/Archives/edgar/data/277948/000095014405002216/g93458e10vk.htm,https://www.sec.gov/Archives/edgar/data/277948/000095014404002244/g87590e10vk.htm,https://www.sec.gov/Archives/edgar/data/277948/000091664103000356/d10k.htm,https://www.sec.gov/Archives/edgar/data/277948/000091664102000350/d10k.txt,https://www.sec.gov/Archives/edgar/data/277948/000102140801001422/0001021408-01-001422-0001.txt,,https://www.sec.gov/Archives/edgar/data/277948/0000277948-99-000002.txt,,,,https://www.sec.gov/Archives/edgar/data/277948/,,,,,,,,,
