,2021,2020,2019,2018,2017,2016,2015,2014,2013,2012,2011,2010,2009,2008,2007,2006,2005,2004,2003,2002,2001,2000,1999,1998,1997,1996,1995,1994,1993,1992,1991,1990,1989
reportedCurrency,USD,USD,USD,USD,USD,USD,USD,USD,USD,USD,USD,USD,USD,USD,USD,USD,USD,USD,USD,USD,USD,USD,USD,USD,USD,USD,USD,USD,USD,USD,USD,USD,USD
cik,0000277948,0000277948,0000277948,0000277948,0000277948,0000277948,0000277948,0000277948,0000277948,0000277948,0000277948,0000277948,0000277948,0000277948,0000277948,0000277948,0000277948,0000277948,0000277948,0000277948,0000277948,0000277948,0000277948,0000277948,0000277948,0000277948,0000277948,0000277948,0000277948,0000277948,0000277948,0000277948,0000277948
fillingDate,2022-02-16,2021-02-10,2020-02-12,2019-02-06,2018-02-07,2017-02-14,2016-02-10,2015-02-11,2014-02-12,2013-02-19,2012-02-21,2011-02-18,2010-02-19,2009-02-19,2008-02-22,2007-02-15,2006-02-24,2005-03-08,2004-03-10,2003-02-26,2002-03-04,2001-03-01,1999-12-31,1999-03-03,1997-12-26,1996-12-27,1995-12-29,1995-03-03,1993-12-31,1992-12-31,1991-12-31,1990-12-31,1989-12-31
acceptedDate,2022-02-16 14:53:10,2021-02-10 14:43:02,2020-02-12 16:22:04,2019-02-06 14:15:56,2018-02-07 14:01:18,2017-02-14 09:41:29,2016-02-10 11:48:55,2015-02-11 11:14:51,2014-02-12 16:15:05,2013-02-19 15:27:46,2012-02-21 13:43:35,2011-02-18 11:05:56,2010-02-19 08:56:51,2009-02-18 19:07:09,2008-02-22 14:58:08,2007-02-14 18:08:19,2006-02-24 13:48:45,2005-03-08 12:19:38,2004-03-10 16:05:16,2003-02-26 12:21:53,2002-03-04 00:00:00,2001-03-01 00:00:00,1999-12-31,1999-03-03 00:00:00,1997-12-26,1996-12-27,1995-12-29,1995-03-03,1993-12-31,1992-12-31,1991-12-31,1990-12-31,1989-12-31
calendarYear,2021,2020,2019,2018,2017,2016,2015,2014,2013,2012,2011,2010,2009,2008,2007,2006,2005,2004,2003,2002,2001,2000,1999,1998,1997,1996,1995,1994,1993,1992,1991,1990,1989
period,FY,FY,FY,FY,FY,FY,FY,FY,FY,FY,FY,FY,FY,FY,FY,FY,FY,FY,FY,FY,FY,FY,FY,FY,FY,FY,FY,FY,FY,FY,FY,FY,FY
netIncome,3781000000,2765000000,3331000000,3309000000,5471000000,1714000000,1968000000,1927000000,1864000000,1859000000,1822000000,1563000000,1152000000,1365000000,1336000000,1310000000,1145000000,339000000,246000000,424000000,293000000,565000000,2000000.0,537000000,799000000,855000000,618000000,652000000,359000000,20000000,-76000000,364000000,429000000
depreciationAndAmortization,1420000000,1383000000,1349000000,1331000000,1315000000,1301000000,1208000000,1151000000,1104000000,1059000000,976000000,947000000,908000000,918000000,890000000,867000000,833000000,730000000,643000000,649000000,622000000,600000000,621000000,630000000,688000000,620000000,600000000,577000000,-572000000,-527000000,-501000000,-473000000,-447000000
deferredIncomeTax,167000000,180000000,273000000,279000000,-3233000000,405000000,456000000,298000000,300000000,592000000,609000000,474000000,436000000,435000000,272000000,42000000,-46000000,240000000,119000000,172000000,197000000,152000000,-19000000,296000000,190000000,166000000,-26000000,176000000,181000000,-72000000,-165000000,106000000,213000000
stockBasedCompensation,0.0,0.0,0.0,0.0,0.0,0.0,0.0,0.0,0.0,0.0,0.0,0.0,0.0,0.0,0.0,0.0,0.0,0.0,0.0,0.0,0.0,0.0,0.0,0.0,0.0,0.0,0.0,0.0,0.0,0.0,0.0,0.0,0.0
changeInWorkingCapital,173000000,1295000000,477000000,629000000,-426000000,-441000000,423000000,287000000,4000000.0,-74000000,-70000000,-387000000,718000000,167000000,-330000000,757000000,-277000000,-23000000,358000000,564000000,5000000.0,-324000000,-294000000,-84000000,153000000,371000000,-216000000,-136000000,155000000,83000000,-364000000,42000000,412000000
accountsReceivables,-141000000,83000000,45000000,-46000000,-70000000,84000000,149000000,-119000000,-6000000.0,67000000,-73000000,2000000.0,92000000,74000000,-50000000,-33000000,-44000000,-3000000.0,-361000000,30000000,7000000.0,351000000,-621000000,19000000,-99000000,-67000000,-82000000,-60000000,-15000000,145000000,-3000000.0,-83000000,251000000
inventory,0.0,0.0,0.0,0.0,0.0,0.0,0.0,0.0,0.0,0.0,0.0,0.0,0.0,0.0,0.0,0.0,0.0,0.0,0.0,0.0,0.0,0.0,0.0,0.0,0.0,0.0,-22000000,-12000000,-10000000,18000000,49000000,0.0,0.0
accountsPayables,128000000,-20000000,98000000,104000000,41000000,40000000,-79000000,1000000.0,28000000,-3000000.0,84000000,79000000,-4000000.0,-3000000.0,0.0,51000000,54000000,-2000000.0,49000000,-83000000,-51000000,-114000000,301000000,55000000,39000000,84000000,197000000,64000000,37000000,-55000000,25000000,177000000,0.0
otherWorkingCapital,0.0,2422000000,1127000000,650000000,21000000,447000000,888000000,465000000,178000000,174000000,248000000,318000000,705000000,-13000000,-180000000,150000000,-607000000,-330000000,-307000000,-665000000,-1229000000,-1234000000,-910000000,-616000000,-532000000,-685000000,-1056000000,-840000000,-704000000,-859000000,-942000000,-578000000,-620000000
otherNonCashItems,-442000000,-1360000000,-580000000,-907000000,345000000,62000000,-685000000,-320000000,-5000000.0,-490000000,154000000,649000000,-1154000000,29000000,16000000,-918000000,-545000000,160000000,-562000000,-682000000,-290000000,-283000000,761000000,-379000000,-272000000,-572000000,591000000,57000000,839000000,1435000000,1972000000,850000000,400000000
netCashProvidedByOperatingActivities,5099000000,4263000000,4850000000,4641000000,3472000000,3041000000,3370000000,3343000000,3267000000,2946000000,3491000000,3246000000,2060000000,2914000000,2184000000,2058000000,1110000000,1446000000,804000000,1127000000,827000000,710000000,1071000000,1000000000,1558000000,1440000000,1567000000,1326000000,962000000,939000000,866000000,889000000,1007000000
investmentsInPropertyPlantAndEquipment,-1791000000,-1626000000,-1657000000,-1745000000,-2040000000,-2398000000,-2562000000,-2449000000,-2313000000,-2341000000,-2297000000,-1825000000,-1447000000,-1740000000,-1773000000,-1639000000,-2244000000,-1085000000,-1273000000,-1080000000,-930000000,-1563000000,-2268000000,-1479000000,-1125000000,-1223000000,-1156000000,-875000000,-768000000,-1041000000,-864000000,-927000000,-825000000
acquisitionsNet,-541000000,0.0,0.0,0.0,0.0,0.0,0.0,0.0,0.0,0.0,0.0,0.0,0.0,0.0,0.0,0.0,0.0,55000000,0.0,0.0,0.0,0.0,0.0,0.0,0.0,0.0,0.0,0.0,0.0,0.0,0.0,0.0,0.0
purchasesOfInvestments,-75000000,-426000000,-2838000000,-736000000,-782000000,-929000000,-1739000000,-1433000000,-1256000000,-633000000,-492000000,0.0,0.0,-25000000,-2338000000,-1412000000,-2601000000,-247000000,0.0,0.0,-51000000,-85000000,0.0,-13000000,-224000000,-182000000,-114000000,-135000000,-115000000,0.0,0.0,-72000000,-537000000
salesMaturitiesOfInvestments,5000000.0,1424000000,2108000000,505000000,1193000000,1325000000,1225000000,1674000000,1401000000,581000000,0.0,0.0,0.0,280000000,2459000000,1290000000,2634000000,0.0,68000000,350000000,0.0,0.0,94000000,19000000,45000000,137000000,97000000,0.0,0.0,0.0,46000000,4000000.0,830000000
otherInvestingActivites,525000000,-21000000,285000000,292000000,134000000,204000000,184000000,25000000,-59000000,116000000,202000000,69000000,54000000,36000000,-41000000,151000000,2175000000,37000000,398000000,-45000000,16000000,1311000000,1592000000,603000000,-2044000000,-1719000000,119000000,149000000,13000000,56000000,229000000,148000000,1063000000
netCashUsedForInvestingActivites,-1877000000,-649000000,-2102000000,-1684000000,-1495000000,-1798000000,-2892000000,-2183000000,-2227000000,-2277000000,-2587000000,-1756000000,-1393000000,-1449000000,-1693000000,-1610000000,-36000000,-1240000000,-807000000,-775000000,-965000000,-337000000,-582000000,-870000000,-3348000000,-2987000000,-1054000000,-861000000,-870000000,-985000000,-589000000,-847000000,531000000
debtRepayment,-426000000,-745000000,-518000000,-19000000,-333000000,-1419000000,-229000000,-933000000,-780000000,-508000000,-605000000,-113000000,-323000000,-645000000,-785000000,-546000000,-1283000000,-434000000,-500000000,-1159000000,-266000000,-751000000,-126000000,-1132000000,-98000000,-486000000,-343000000,-447000000,-249000000,-414000000,-431000000,-264000000,-1051000000
commonStockIssued,0.0,0.0,0.0,0.0,0.0,0.0,0.0,0.0,0.0,0.0,0.0,0.0,0.0,0.0,0.0,319000000,0.0,0.0,0.0,0.0,0.0,0.0,0.0,0.0,0.0,0.0,0.0,0.0,0.0,0.0,0.0,0.0,0.0
commonStockRepurchased,-2886000000,-867000000,-3373000000,-4671000000,-1970000000,-1056000000,-804000000,-517000000,-353000000,-734000000,-1564000000,-1452000000,0.0,-1570000000,-2174000000,-465000000,0.0,0.0,0.0,0.0,0.0,-42000000,0.0,-103000000,0.0,0.0,0.0,0.0,0.0,0.0,0.0,-150000000,-324000000
dividendsPaid,-839000000,-797000000,-763000000,-751000000,-708000000,-680000000,-686000000,-629000000,-600000000,-558000000,-480000000,-372000000,-345000000,-308000000,-231000000,-145000000,-93000000,-86000000,-86000000,-86000000,-171000000,-262000000,-262000000,-262000000,-235000000,-223000000,-194000000,-184000000,-164000000,-157000000,-144000000,-147000000,-145000000
otherFinancingActivites,39000000,966000000,2006000000,2941000000,832000000,1887000000,1200000000,996000000,501000000,1132000000,1236000000,710000000,361000000,1359000000,2606000000,541000000,89000000,540000000,758000000,883000000,452000000,316000000,420000000,1221000000,2006000000,2304000000,79000000,133000000,245000000,701000000,292000000,465000000,8000000.0
netCashUsedProvidedByFinancingActivities,-4112000000,-1443000000,-2648000000,-2500000000,-2179000000,-1268000000,-519000000,-1083000000,-1232000000,-668000000,-1413000000,-1227000000,-307000000,-1164000000,-584000000,-296000000,-1287000000,20000000,172000000,-362000000,15000000,-739000000,32000000,-276000000,1673000000,1595000000,-458000000,-498000000,-168000000,130000000,-283000000,-96000000,-1512000000
effectOfForexChangesOnCash,0.0,0.0,0.0,0.0,0.0,0.0,0.0,0.0,0.0,0.0,0.0,0.0,0.0,0.0,0.0,0.0,0.0,0.0,0.0,0.0,0.0,0.0,0.0,0.0,0.0,0.0,0.0,0.0,0.0,0.0,0.0,0.0,0.0
netChangeInCash,-890000000,2171000000,100000000,457000000,-202000000,-25000000,-41000000,77000000,-192000000,1000000.0,-509000000,263000000,360000000,301000000,-93000000,152000000,-213000000,563000000,241000000,127000000,358000000,58000000,869000000,282000000,322000000,362000000,395000000,-33000000,-168000000,130000000,-283000000,-96000000,-1512000000
cashAtEndOfPeriod,2239000000,3129000000,958000000,858000000,401000000,603000000,628000000,669000000,592000000,784000000,783000000,1292000000,1029000000,669000000,368000000,461000000,309000000,859000000,368000000,264000000,618000000,684000000,974000000,533000000,690000000,682000000,660000000,265000000,0.0,0.0,0.0,0.0,0.0
cashAtBeginningOfPeriod,3129000000,958000000,858000000,401000000,603000000,628000000,669000000,592000000,784000000,783000000,1292000000,1029000000,669000000,368000000,461000000,309000000,522000000,296000000,127000000,137000000,260000000,626000000,105000000,251000000,368000000,320000000,265000000,298000000,374000000,446000000,471000000,663000000,508000000
operatingCashFlow,5099000000,4263000000,4850000000,4641000000,3472000000,3041000000,3370000000,3343000000,3267000000,2946000000,3491000000,3246000000,2060000000,2914000000,2184000000,2058000000,1110000000,1446000000,804000000,1127000000,827000000,710000000,1071000000,1000000000,1558000000,1440000000,1567000000,1326000000,962000000,939000000,866000000,889000000,1007000000
capitalExpenditure,-1791000000,-1626000000,-1657000000,-1745000000,-2040000000,-2398000000,-2562000000,-2449000000,-2313000000,-2341000000,-2297000000,-1825000000,-1447000000,-1740000000,-1773000000,-1639000000,-2244000000,-1085000000,-1273000000,-1080000000,-930000000,-1563000000,-2268000000,-1479000000,-1125000000,-1223000000,-1156000000,-875000000,-768000000,-1041000000,-864000000,-927000000,-825000000
freeCashFlow,3308000000,2637000000,3193000000,2896000000,1432000000,643000000,808000000,894000000,954000000,605000000,1194000000,1421000000,613000000,1174000000,411000000,419000000,-1134000000,361000000,-469000000,47000000,-103000000,-853000000,-1197000000,-479000000,433000000,217000000,411000000,451000000,194000000,-102000000,2000000.0,-38000000,182000000
link,https://www.sec.gov/Archives/edgar/data/277948/000027794822000009/0000277948-22-000009-index.htm,https://www.sec.gov/Archives/edgar/data/277948/000027794821000014/0000277948-21-000014-index.htm,https://www.sec.gov/Archives/edgar/data/277948/000027794820000008/0000277948-20-000008-index.htm,https://www.sec.gov/Archives/edgar/data/277948/000027794819000011/0000277948-19-000011-index.htm,https://www.sec.gov/Archives/edgar/data/277948/000027794818000009/0000277948-18-000009-index.htm,https://www.sec.gov/Archives/edgar/data/277948/000027794817000009/0000277948-17-000009-index.htm,https://www.sec.gov/Archives/edgar/data/277948/000027794816000046/0000277948-16-000046-index.htm,https://www.sec.gov/Archives/edgar/data/277948/000027794815000010/0000277948-15-000010-index.htm,https://www.sec.gov/Archives/edgar/data/277948/000027794814000011/0000277948-14-000011-index.htm,https://www.sec.gov/Archives/edgar/data/277948/000027794813000008/0000277948-13-000008-index.htm,https://www.sec.gov/Archives/edgar/data/277948/000027794812000014/0000277948-12-000014-index.htm,https://www.sec.gov/Archives/edgar/data/277948/000114036111010655/0001140361-11-010655-index.htm,https://www.sec.gov/Archives/edgar/data/277948/000027794810000013/0000277948-10-000013-index.htm,https://www.sec.gov/Archives/edgar/data/277948/000027794809000042/0000277948-09-000042-index.htm,https://www.sec.gov/Archives/edgar/data/277948/000027794808000036/0000277948-08-000036-index.htm,https://www.sec.gov/Archives/edgar/data/277948/000119312507032135/0001193125-07-032135-index.htm,https://www.sec.gov/Archives/edgar/data/277948/000095014406001485/0000950144-06-001485-index.htm,https://www.sec.gov/Archives/edgar/data/277948/000095014405002216/0000950144-05-002216-index.htm,https://www.sec.gov/Archives/edgar/data/277948/000095014404002244/0000950144-04-002244-index.htm,https://www.sec.gov/Archives/edgar/data/277948/000091664103000356/0000916641-03-000356-index.htm,https://www.sec.gov/Archives/edgar/data/277948/000091664102000350/0000916641-02-000350-index.html,https://www.sec.gov/Archives/edgar/data/277948/000102140801001422/0001021408-01-001422-index.html,,https://www.sec.gov/Archives/edgar/data/277948/000027794899000002/0000277948-99-000002-index.html,,,,https://www.sec.gov/Archives/edgar/data/277948/0000277948-95-000003-index.html,,,,,
finalLink,https://www.sec.gov/Archives/edgar/data/277948/000027794822000009/csx-20211231.htm,https://www.sec.gov/Archives/edgar/data/277948/000027794821000014/csx-20201231.htm,https://www.sec.gov/Archives/edgar/data/277948/000027794820000008/csx-12312019x10k.htm,https://www.sec.gov/Archives/edgar/data/277948/000027794819000011/csx-12312018x10k.htm,https://www.sec.gov/Archives/edgar/data/277948/000027794818000009/csx-12312017x10k.htm,https://www.sec.gov/Archives/edgar/data/277948/000027794817000009/csx-12302016x10k.htm,https://www.sec.gov/Archives/edgar/data/277948/000027794816000046/csx-12252015x10k.htm,https://www.sec.gov/Archives/edgar/data/277948/000027794815000010/csx-12262014x10k.htm,https://www.sec.gov/Archives/edgar/data/277948/000027794814000011/csx-12272013x10k.htm,https://www.sec.gov/Archives/edgar/data/277948/000027794813000008/csx-12282012x10k.htm,https://www.sec.gov/Archives/edgar/data/277948/000027794812000014/csx-12302011x10k.htm,https://www.sec.gov/Archives/edgar/data/277948/000114036111010655/document_10k.htm,https://www.sec.gov/Archives/edgar/data/277948/000027794810000013/document_10k.htm,https://www.sec.gov/Archives/edgar/data/277948/000027794809000042/document_10k.htm,https://www.sec.gov/Archives/edgar/data/277948/000027794808000036/form2007_10k.htm,https://www.sec.gov/Archives/edgar/data/277948/000119312507032135/d10k.htm,https://www.sec.gov/Archives/edgar/data/277948/000095014406001485/g99714e10vk.htm,https://www.sec.gov/Archives/edgar/data/277948/000095014405002216/g93458e10vk.htm,https://www.sec.gov/Archives/edgar/data/277948/000095014404002244/g87590e10vk.htm,https://www.sec.gov/Archives/edgar/data/277948/000091664103000356/d10k.htm,https://www.sec.gov/Archives/edgar/data/277948/000091664102000350/d10k.txt,https://www.sec.gov/Archives/edgar/data/277948/000102140801001422/0001021408-01-001422-0001.txt,,https://www.sec.gov/Archives/edgar/data/277948/0000277948-99-000002.txt,,,,https://www.sec.gov/Archives/edgar/data/277948/,,,,,
