,2021,2020,2019,2018,2017,2016,2015,2014,2013,2012,2011,2010,2009,2008,2007,2006,2005,2004,2003,2002,2001,2000,1999,1998,1997,1996,1995,1994,1993,1992,1991,1990,1989,1988,1987,1986,1985
period,FY,FY,FY,FY,FY,FY,FY,FY,FY,FY,FY,FY,FY,FY,FY,FY,FY,FY,FY,FY,FY,FY,FY,FY,FY,FY,FY,FY,FY,FY,FY,FY,FY,FY,FY,FY,FY
currentRatio,1.734437975817286,2.199603764239723,1.5239423523942353,1.3394255874673628,1.0110876451953537,1.2191176470588236,1.4549180327868851,1.2206929283341243,1.0734323432343233,1.066235249333841,1.0922962411611463,1.1253448955459204,1.3780160857908847,0.9945923460898503,0.9326095095469862,1.0594766058683585,0.7962403491104397,0.9005125113053964,0.8610859728506788,0.7290138549307253,0.6279140175597941,0.623780487804878,0.7379786927728189,0.7630769230769231,0.8034724787587736,0.7515415306492564,0.6469408224674023,0.6646706586826348,0.6905494505494505,0.6232456140350877,0.6197012515139282,0.7490230134607034,0.734019734019734,0.7954916693890886,1.2592202318229715,1.1375203031943693,1.0502049180327868
quickRatio,1.5512763098969995,2.0024764735017335,1.3668061366806137,1.1075718015665796,0.7333685322069694,0.9598039215686275,1.2397540983606556,0.9919316563834836,0.8791254125412541,0.8880852683669586,0.9062151097878675,0.9219550650374458,1.1179624664879357,0.7703826955074875,0.7068513665293897,0.8223632038065027,0.6055723397113125,0.6035574314139283,0.8592760180995475,0.43326202118989404,0.4529215864365728,0.4676829268292683,0.6072559746616758,0.5503846153846154,0.6195049870705578,0.5716358360536815,0.49882982280173854,0.49540918163672654,0.4246153846153846,0.49780701754385964,0.4816310052482842,0.5805471124620061,0.5057915057915058,0.20418163998693237,0.946786090621707,0.8105035192203573,0.7612704918032787
cashRatio,1.0026869682042097,1.549777117384844,0.44537424453742447,0.44804177545691903,0.21172122492080253,0.29558823529411765,0.32172131147540983,0.31751305173232086,0.24422442244224424,0.2984392843547773,0.29140305173055453,0.5092629089475759,0.5517426273458444,0.2782861896838602,0.13777611381505053,0.18279143536875495,0.10372608257804633,0.25896894784443775,0.1665158371040724,0.10757946210268948,0.18710263396911897,0.20853658536585365,0.280449179383818,0.205,0.25489471739933506,0.24737033006891548,0.22066198595787362,0.21357285429141717,0.130989010989011,0.2324561403508772,0.18772708922083164,0.26443768996960487,0.22908622908622908,0.16595883698137864,0.48524762908324554,0.1705468327016784,0.09579918032786885
daysOfSalesOutstanding,33.46270563807699,31.454219030520647,30.149116193348412,30.093877551020405,31.035238429172512,30.930526696178514,30.34713402760139,32.52703449364591,31.92915350074838,29.868152432800272,35.0919696840671,34.077190673185406,40.16978210374958,35.900044424700134,42.72283150548355,44.79510767300857,50.9085634718032,52.01932668329177,54.47132041575773,35.77465652600589,39.5154130702836,37.87693810279575,38.31976690407918,33.114770660739545,33.9191224931739,30.970956719817767,28.91089108910891,27.387607609735362,27.272930648769577,25.283375314861463,30.76887447892543,32.38513101767215,30.39703034215623,5.625,39.75382320029839,67.9952718676123,65.05694291986828
daysOfInventoryOutstanding,16.76171769168247,17.719016235331942,13.487894662324791,12.838705363113549,17.783889980353635,52.96078431372549,38.79441238991801,24.303658536585367,23.39862630373951,26.12591431556949,22.478829869130102,27.315482320631652,26.200495049504948,18.84487270996907,25.16518241884516,22.549969715324046,24.99483826565726,14.08442469597755,21.62020905923345,22.741433021806852,25.820741758241756,27.338734332008563,19.284341978866475,20.98773319703552,20.30262190639549,20.39155891680898,19.861488993321792,9.361249544183785,9.743125419181757,8.687193048734416,9.356645097063215,13.561515107705652,13.455436304246385,48.9361065389795,18.535954113038613,23.737668980635732,24.38270641485875
operatingCycle,50.22442332975946,49.17323526585259,43.6370108556732,42.93258291413395,48.819128409526144,83.891311009904,69.1415464175194,56.830693030231274,55.32777980448789,55.99406674836976,57.570799553197205,61.39267299381706,66.37027715325453,54.74491713466921,67.8880139243287,67.34507738833261,75.90340173746046,66.10375137926933,76.09152947499118,58.51608954781274,65.33615482852535,65.2156724348043,57.60410888294565,54.10250385777506,54.22174439956939,51.362515636626746,48.7723800824307,36.74885715391915,37.01605606795133,33.97056836359588,40.12551957598865,45.946646125377804,43.85246664640262,54.5611065389795,58.289777313337005,91.73294084824803,89.43964933472702
daysOfPayablesOutstanding,47.61514494716879,47.465841504581256,53.89990089197225,46.32673532165307,40.49181401440734,104.88057040998217,84.68266018827816,75.22560975609755,88.85906893920122,96.68495297805643,107.43007441621761,131.0641949879849,124.80728429985855,84.49797763502261,102.33840850330365,107.66505148394913,119.82450103234686,75.03157156220767,105.1759581881533,101.3257182416061,121.08173076923076,120.40201773158057,104.9243515850144,113.42703807820087,105.44841950502327,105.87582337155403,101.20331437051695,88.37729427494834,96.20724346076459,94.96159173907569,94.42944250871079,102.6875813213821,105.99704464146835,101.85919497231782,80.42459429210969,100.75173547679941,99.35383174652725
cashConversionCycle,2.6092783825906736,1.7073937612713337,-10.262890036299048,-3.3941524075191154,8.327314395118805,-20.98925940007817,-15.54111377075877,-18.39491672586628,-33.53128913471333,-40.69088622968667,-49.8592748630204,-69.67152199416785,-58.43700714660402,-29.7530605003534,-34.45039457897495,-40.319974095616516,-43.9210992948864,-8.927820182938348,-29.084428713162126,-42.80962869379336,-55.74557594070541,-55.18634529677627,-47.320242702068754,-59.324534220425804,-51.22667510545388,-54.51330773492729,-52.43093428808625,-51.628437121029194,-59.191187392813255,-60.991023375479806,-54.303922932722145,-56.740935196004294,-62.14457799506573,-47.29808843333832,-22.134816978772683,-9.018794628551376,-9.914182411800226
grossProfitMargin,0.4104775594952883,0.41217046206179725,0.4083102957191924,0.38963265306122447,0.33073281907433383,0.7465895744873069,0.7211921090508848,0.6763754045307443,0.6731248960585399,0.6743790404899626,0.6681427233245337,0.7261188416698007,0.6872027430593961,0.6265659706796979,0.6529411764705882,0.6548191511603596,0.6627987932234858,0.46683291770573565,0.6317207750545362,0.6456084396467124,0.6409371146732429,0.6006592601635942,0.6148367403570437,0.6046676096181046,0.6157612277563318,0.6109529233105543,0.6150990099009901,0.1256244021681369,0.16610738255033558,0.09079459583237921,0.06947660954145438,0.15697745277269956,0.1699160748870239,0.11973129610115911,0.1112768867338058,0.13727344365642238,0.12088364434687157
operatingProfitMargin,0.4467337486024597,0.41217046206179725,0.41593365167127416,0.39746938775510204,0.32144109396914444,0.30617038576203814,0.30344594022521376,0.28518430815376117,0.2887909529353068,0.29406260632868325,0.29106701864940815,0.28873636705528394,0.25273752903439883,0.2459351399378054,0.22492522432701895,0.22349989546309848,0.17985611510791366,0.12468827930174564,0.08032849993583986,0.13824828263002945,0.11800246609124537,0.09827859846172629,0.056239015817223195,0.11719539300868863,0.14904434610676962,0.144457099468489,0.11157654226961157,0.13093846317355723,0,0,0,0,0,0.022523709167544783,0.1112768867338058,0.13727344365642238,-0.010016465422612513
pretaxProfitMargin,0.39538412394186234,0.3427194557308892,0.361564882298735,0.3513469387755102,0.27542075736325383,0.2476285120607101,0.2656845313690627,0.2402715289288815,0.24297355729253284,0.25212657366451174,0.24593374776462573,0.2393757051523129,0.19477933856874238,0.19067081297201244,0.19262213359920238,0.19245243570980555,0.12021350661406359,0.07942643391521197,0.03400487617092262,0.08868989205103042,0.055240443896424164,0.033817604688072274,0.01285727499768754,0.07809658516872095,0.11138310893512852,0.1249050873196659,0.09272658035034273,0.10691890742905728,0.07080536912751678,-0.0008014655369819098,-0.013084761463640574,0.06544789762340036,0.08934796642995481,-0.007903055848261328,0.08479423100833022,0.1148936170212766,-0.03608671789242591
netProfitMargin,0.301948570515892,0.26126807143532077,0.2790483371031247,0.2701224489795918,0.4795757363253857,0.15484686963592015,0.1666243332486665,0.15210355987055016,0.15499750540495594,0.1581320176930929,0.1551562633057992,0.1469537420082738,0.12741953323747374,0.1212794313638383,0.13320039880358922,0.13694334099937278,0.13286145277326525,0.04226932668329177,0.03156679070961119,0.052011776251226695,0.036128236744759554,0.068978146746429,0.00018499676255665526,0.054253384522125685,0.07522832125035307,0.0811503416856492,0.058834729626808836,0.06929535551068126,0.040156599552572704,0.002289901534234028,-0.008800370541917554,0.04436319317489336,0.05539057456423499,0.019362486828240252,0.017157776948899663,0.06587864460204886,-0.01619099890230516
effectiveTaxRate,0.23631589577863057,0.23766197959746346,0.22822057460611678,0.23118029739776952,-0.7412476129853597,0.3746807734403502,0.372848948374761,0.36695137976346914,0.3620807665982204,0.37280701754385964,0.3691135734072022,0.3860958366064415,-0.3543441226575809,-0.363932898415657,-0.36542443064182195,-0.2884302009777295,-0.305019305019305,0.34379905808477235,0.28679245283018867,-0.0001479944674965422,0.34598214285714285,0.3285198555956679,0.6330935251798561,0.3053040103492885,0.3245984784446323,0.35030395136778114,0.3655030800821355,0.3518886679920477,0.43285939968404424,3.857142857142857,0.3274336283185841,0.3202979515828678,0.3829479768786127,0.36666666666666664,0.36656891495601174,0.42661179698216734,0.5513307984790875
returnOnAssets,0.09328662011793443,0.06948458271555298,0.08706903311812217,0.09009229763946745,0.15308206720949102,0.048398938272999376,0.0566412433443661,0.05830030556984237,0.058649550059782264,0.06080926368126656,0.06181929223356971,0.055541736256707296,0.0426098535286285,0.05192483262325015,0.05232239367118352,0.052131004019260616,0.04725156817431495,0.01379113949798625,0.01130514705882353,0.02023769748460694,0.014085861256670353,0.027573080864769898,9.652509652509652e-05,0.026288735497136142,0.04003607756676855,0.050397877984084884,0.043271250525136536,0.04750801515593121,0.026751117734724293,0.001532684496896314,-0.005938427879356149,0.028428616057482037,0.03488372093023256,0.011285122063565177,0.010430050638651652,0.03301476976542137,-0.010266225856968854
returnOnEquity,0.2802816901408451,0.21105259140523625,0.2811444969615125,0.2633925017909735,0.3720503230193812,0.14675914033735765,0.16889804325437693,0.17279411764705882,0.17781169512544118,0.20683133066310636,0.21549379065641633,0.1799447386599125,0.13022835179742256,0.16960735586481113,0.15382843983880254,0.1464996645045851,0.1439527281870757,0.04977242695639407,0.03812180381218038,0.06793783047588528,0.047875816993464056,0.09390061492438093,0.00034746351633078526,0.0913265306122449,0.13857093305584461,0.17117117117117117,0.1456859971711457,0.17475207719110158,0.11289308176100629,0.0067226890756302525,-0.023884349465744813,0.10279582038972042,0.12184038625390514,0.0433372641509434,0.026610104126494408,0.08178438661710037,-0.02421506258978042
returnOnCapitalEmployed,0.14606506867199331,0.11547625350770371,0.13751177089680386,0.13985752858045614,0.10834687546166347,0.10154611374123569,0.10929161711340835,0.11675176113229496,0.11829824919953676,0.12371170913255082,0.12760397222429629,0.1199421965317919,0.09077907115331135,0.11589348517836208,0.09867471460438262,0.09457247755120096,0.07293088034630404,0.04702784048156509,0.032020460358056266,0.060928799264745634,0.05469196479597668,0.04677241299169136,0.03525250768249551,0.06506983788635216,0.09176811594202898,0.10712274774774774,0.1037994863165353,0.10981370888671005,0,0,0,0,0,-0.006021073758153537,0.06017824053648637,0.06741261327908267,-0.02756235590023056
netIncomePerEBT,0.7636841042213695,0.7623380204025365,0.7717794253938832,0.7688197026022305,1.7412476129853596,0.6253192265596498,0.627151051625239,0.6330486202365309,0.6379192334017796,0.6271929824561403,0.6308864265927978,0.6139041633935586,0.6541737649063032,0.636067101584343,0.6915113871635611,0.7115697990222705,1.1052123552123552,0.5321821036106751,0.9283018867924528,0.5864453665283541,0.6540178571428571,2.03971119133574,0.014388489208633094,0.6946959896507116,0.6754015215553677,0.6496960486322189,0.6344969199178645,0.6481113320079522,0.5671406003159558,-2.857142857142857,0.672566371681416,0.6778398510242085,0.619942196531792,-2.45,0.20234604105571846,0.5733882030178327,0.44866920152091255
ebtPerEbit,0.8850554165176975,0.8314993122420908,0.8692849949647533,0.8839597453275827,0.8568311971638942,0.8087931543228091,0.8755580357142857,0.8425131469692776,0.841347538151454,0.8573908012727799,0.844938560561732,0.8290459133832628,0.7706783369803063,0.7752890173410405,0.8563829787234043,0.8610851262862488,0.6683870967741935,0.637,0.4233226837060703,0.6415261756876663,0.46812957157784746,0.3440993788819876,0.22861842105263158,0.6663793103448276,0.7473152242577384,0.8646517739816032,0.8310580204778157,0.8165584415584416,,,,,,1,1,1,1
ebitPerRevenue,0.4467337486024597,0.41217046206179725,0.41593365167127416,0.39746938775510204,0.32144109396914444,0.30617038576203814,0.30344594022521376,0.28518430815376117,0.2887909529353068,0.29406260632868325,0.29106701864940815,0.28873636705528394,0.25273752903439883,0.2459351399378054,0.22492522432701895,0.22349989546309848,0.17985611510791366,0.12468827930174564,0.08032849993583986,0.13824828263002945,0.11800246609124537,0.09827859846172629,0.056239015817223195,0.11719539300868863,0.14904434610676962,0.144457099468489,0.11157654226961157,0.13093846317355723,0,0,0,0,0,-0.007903055848261328,0.08479423100833022,0.1148936170212766,-0.03608671789242591
debtRatio,0.6669216155535269,0.6705450707410852,0.6899129571058891,0.6574913556045632,0.5880970368504994,0.6702151691421472,0.6646423945891495,0.6626024869149548,0.6701592096155057,0.7059958784468942,0.7131272690258881,0.6908425429089229,0.6728066281994378,0.6938527084601339,0.6598652776689904,0.6441561542441004,0.6717563552327501,0.7229160733900167,0.7034466911764706,0.7021144575437926,0.7057833757992404,0.7063588892684594,0.7222007722007722,0.7121456895285652,0.7110788194618429,0.7055702917771883,0.7029827755216356,0.728140483823958,0.7630402384500745,0.7720131810866733,0.7513674011564307,0.7234457981880662,0.7136932834607254,0.7395977276216797,0.6080417202025546,0.596319406050075,0.5760396728728032
debtEquityRatio,2.0037805782060785,2.0367147545988855,2.2277177582714383,1.9222319509671257,1.4293097585855152,2.032280160972686,1.9818915207689667,1.9638629842180775,2.031765715921015,2.4013128615932353,2.485866351271437,2.2381994013354825,2.0562966312457607,2.2664015904572565,1.9400115141047785,1.8102214269738313,2.046517475484033,2.609014828953164,2.372075003874167,2.3569940714629065,2.3988562091503267,2.405517699850424,2.5997220291869354,2.4739795918367347,2.461151578217135,2.3963963963963963,2.366808109382367,2.678370410077727,3.220125786163522,3.386218487394958,3.0219987429289756,2.6159277040384072,2.492757739278614,2.8402122641509435,1.5512919398380254,1.4772060262179612,1.358711266160476
longTermDebtToCapitalization,0.5526149968494014,0.5612525117213664,0.574440573255271,0.5398505603985057,0.4449896206831478,0.484165893732609,0.4743537691162539,0.4603696893448176,0.4625480645988208,0.5017738359201774,0.5081156553609867,0.481030053175599,0.4715966788124963,0.48277634961439586,0.4269218079841636,0.3748601789709172,0.3903579366904269,0.4778842468378689,0.5162306019941525,0.5108934169278997,0.48825152604732835,0.49124883740593556,0.5184069611780455,0.5224171539961013,0.5266787062879659,0.46440060047179926,0.34375,0.412348401323043,0.4962775225724695,0.5217041800643086,0.46842632809889745,0.4607066707279927,0.4364596670934699,0.47198007471980075,0.3787733588883565,0.39125774178180084,0.33898534997287033
totalDebtToCapitalization,0.5552844992417749,0.5670665212649946,0.5781528163497828,0.5401537335285506,0.4453873425360187,0.4915984676998085,0.4748276017487718,0.4662582559586484,0.476843996406827,0.522422954303932,0.5222084086799277,0.49936599423631123,0.4751394327756022,0.49319899244332494,0.45521264584117427,0.40002683843263553,0.4312070938215103,0.5179418217849813,0.5312704292874264,0.5305400932751617,0.49770190413657256,0.5215489821882952,0.5529320388349515,0.5295623649891992,0.5315242118947027,0.4829727771452231,0.3584392014519056,0.430381679389313,0.5198550505813075,0.5376126826235623,0.5015664160401002,0.48851653907265635,0.4754171632896305,0.5411876099012579,0.38386598550552453,,
interestCoverage,7.747922437673131,5.7851458885941645,6.736770691994573,7.619718309859155,6.716117216117216,5.853195164075993,6.588235294117647,6.629357798165137,6.179715302491103,6.107773851590106,6.192028985507246,5.51346499102334,4.094982078853047,5.333333333333333,5.410071942446043,5.454081632653061,3.6643026004728134,,-1.4976076555023923,-2026.978417266187,-1.782122905027933,-1.4935064935064934,,-3.7662337662337664,-3.655889145496536,-6.3153526970954355,-7.0602409638554215,-4.384341637010676,,,,,,0.1729106628242075,-2.066666666666667,-2.5943060498220643,1.1434782608695653
cashFlowToDebtRatio,0.30271906910472574,0.24842657342657343,0.2986821037073531,0.3144948160195162,0.2940130409010077,0.26928185601700166,0.3198860939724727,0.3431533566002874,0.3419152276295133,0.2996338486574451,0.37777296829347473,0.37465373961218834,0.25724275724275725,0.37206332992849844,0.30095080611823066,0.3451861791345186,0.18407960199004975,0.19759497130363488,0.10992616899097621,0.15979016021551112,0.13637862796833772,0.10824820856837933,0.1504424778761062,0.15108022359873094,0.23815346988688474,0.30861551650235747,0.6611814345991561,0.4703795672224193,0.27940749346500143,0.27146574154379877,0.2704559650218613,0.2628622117090479,0.3155750548417424,0.2026993251687078,0.37418755803156917,,
companyEquityMultiplier,3.0045218680504076,3.037401725059156,3.2289837947332884,2.923585130940062,2.4303978238694324,3.032280160972686,2.9818915207689667,2.9638629842180775,3.031765715921015,3.4013128615932353,3.485866351271437,3.2398111904213676,3.0562966312457607,3.2664015904572565,2.9400115141047785,2.8102214269738313,3.046517475484033,3.609014828953164,3.372075003874167,3.3569940714629065,3.3988562091503267,3.405517699850424,3.5997220291869354,3.4739795918367347,3.461151578217135,3.3963963963963963,3.366808109382367,3.678370410077727,4.220125786163522,4.386218487394958,4.021998742928975,3.6159277040384072,3.492757739278614,3.8402122641509435,2.5512919398380256,2.4772060262179614,2.358711266160476
receivablesTurnover,10.90766550522648,11.604166666666666,12.106490872210953,12.128712871287128,11.760824742268042,11.800639658848613,12.027494908350306,11.221434898139947,11.431558935361217,12.22037422037422,10.401240035429584,10.710976837865056,9.08643216080402,10.167118337850045,8.543441226575808,8.148211243611584,7.169717138103161,7.016622922134733,6.700773860705073,10.202753441802253,9.236902050113896,9.636470588235294,9.52511013215859,11.022271714922049,10.760891590678824,11.78523489932886,12.625,13.327195467422097,13.383233532934131,14.436363636363636,11.862637362637363,11.270604395604396,12.007751937984496,64.88888888888889,9.181506849315069,5.368020304568528,5.610469591993842
payablesTurnover,7.665628245067498,7.68974042027194,6.771812080536913,7.87881981032666,9.014167650531286,3.4801488833746896,4.310209424083769,4.85207100591716,4.107628004179729,3.775147928994083,3.3975588491717525,2.7848948374760996,2.9245087900723887,4.319630010277493,3.5665983606557377,3.3901437371663246,3.0461215932914047,4.864618885096701,3.47037484885127,3.6022443890274314,3.0144927536231885,3.031510658016682,3.4786967418546366,3.2179276315789473,3.4614079728583547,3.4474348191757778,3.606601248884924,4.130020080321285,3.7938931297709924,3.8436592449177156,3.8653198653198655,3.554470709146968,3.4434922335297267,3.583378016085791,4.5384126984126985,3.622766379880874,3.6737385321100917
inventoryTurnover,21.775811209439528,20.59933774834437,27.061302681992338,28.429657794676807,20.524193548387096,6.891891891891892,9.40857142857143,15.018315018315018,15.59920634920635,13.97080291970803,16.2375,13.362385321100918,13.931034482758621,19.368663594470046,14.504166666666666,16.186274509803923,14.603015075376884,25.915151515151514,16.88235294117647,16.05,14.135922330097088,13.351020408163265,18.927272727272726,17.391111111111112,17.97797356828194,17.899563318777293,18.37727272727273,38.99052132701422,37.462311557788944,42.01587301587302,39.00970873786408,26.914396887159533,27.126582278481013,7.458705357142857,19.691460055096417,15.376404494382022,14.969626168224298
fixedAssetTurnover,0.3736126029359112,0.32151537246323975,0.36504587155963303,0.3828364272767048,0.3591487218234479,0.3553451043338684,0.3914297076953669,0.44321998320738876,0.4406580924114177,0.45128598848368523,0.4702090173780732,0.4469095340140342,0.3894800327402749,0.49607722143864597,0.460514233241506,0.4572002102948908,0.4274165550761295,0.4021057909250439,0.5675892206846322,0.6135782026192985,0.6251927227875425,0.6479196329694669,0.8820265970465856,0.7827599841834717,0.8561180074157666,0.8849319670754242,0.9298043728423475,0.8519558131111916,0.8286985539488321,0.8211733734486649,0.8485801316694507,0.8212391152036833,0.8024243680066308,0.5404328018223234,0.7914780555008857,0.674784643198979,0.8002635335456243
assetTurnover,0.30894870592879525,0.26595129796697914,0.31202132942990823,0.3335239184295788,0.31920311144687874,0.3125600045179872,0.3399338034249532,0.3832934983208786,0.378390283808445,0.3845474469268261,0.3984324636107624,0.3779538751288156,0.3344059772155644,0.428142118076689,0.39280958721704395,0.3806757133192726,0.35564542753383954,0.32626825597005815,0.3581341911764706,0.3890983723927259,0.38988510167780394,0.39973646966961107,0.5217664092664093,0.4845547559602487,0.5321942175677707,0.6210433244916004,0.7354712225178547,0.6855872923345964,0.6661698956780924,0.6693233197946202,0.6747929363963119,0.6408153701968134,0.6297771995446414,0.5828343313373253,0.6078905600483713,0.5011452491904272,0.6340699495388898
operatingCashFlowPerShare,2.2662222222222224,1.8623853211009174,2.0914187149633463,1.89119804400978,1.300374531835206,1.0923132183908046,1.162870945479641,1.1233198924731183,1.0792864222001983,0.9627450980392157,1.0685644322007959,0.9738745987942676,0.5841282155762042,0.8010415189110673,0.5639869539281537,0.5195977737583432,0.28493319471718453,0.37399827433161387,0.20875785957762366,0.294323346187455,0.21705900015327986,0.1869918956132228,0.2825046530178144,0.2634712868991537,0.3974157264392163,0.3744739810797021,0.41401795575001454,0.3519601472817847,0.25754565147398156,0.2608333333333333,0.24055555555555555,0.25181377154164136,0.2770325854937635,0.46158224245873647,0.6506996770721205,0.5510869565217391,0.468284611141754
freeCashFlowPerShare,1.4702222222222223,1.1520314547837485,1.376886589047003,1.180114099429503,0.5363295880149813,0.2309626436781609,0.27881297446514836,0.3004032258064516,0.3151635282457879,0.1977124183006536,0.3654729109274564,0.42633265708153245,0.17382067774185106,0.3227257183258727,0.10613490753867727,0.10578788493913788,-0.29109391244079935,0.0933702469112812,-0.12177541808694713,0.012274354277560235,-0.027033950442306925,-0.22465364360292825,-0.315740494549322,-0.12620274642469465,0.11044994194363329,0.05643114853770511,0.10859054231860624,0.1197089188718589,0.0519374806506782,-0.028333333333333332,0.0005555555555555556,-0.0107636932717462,0.05006944444872388,-0.19351166761525326,0.2131324004305705,0.11304347826086956,-0.12134583563154992
cashPerShare,1.0293333333333334,1.3678462210572302,0.8426045709357481,0.45273023634881826,0.15692883895131085,0.36637931034482757,0.49620427881297446,0.3229166666666667,0.35645853980839115,0.44803921568627453,0.3997551270278543,0.4038309334495022,0.30907755096022455,0.20479613300917818,0.18438035032266561,0.22722934712463985,0.15453133623400458,0.22217463184706523,0.1911017222004117,0.06900406934017772,0.16220370265384154,0.18014430506964,0.2569183305689554,0.14043019591724895,0.17600568115729093,0.17735503826135893,0.17437897306637498,0.14200503679921178,0.07978025378300053,0.14722222222222223,0.12916666666666668,0.17250234743403778,0.14690705129460743,0.28912919749573135,0.49569429494079653,0.17119565217391305,0.10314396028681742
payoutRatio,0.22189896852684474,0.28824593128390597,0.2290603422395677,0.22695678452704746,0.12940961433010417,0.396732788798133,0.3485772357723577,0.3264141152049818,0.3218884120171674,0.300161377084454,0.26344676180021953,0.2380038387715931,0.2994791666666667,0.22564102564102564,0.17290419161676646,0.11068702290076336,0.08122270742358079,0.2536873156342183,0.34959349593495936,0.2028301886792453,0.5836177474402731,0.46371681415929206,131,0.48789571694599626,0.29411764705882354,0.2608187134502924,0.313915857605178,0.2822085889570552,0.4568245125348189,7.85,-1.894736842105263,0.40384615384615385,0.337995337995338,1.346938775510204,1.3478260869565217,0.42822966507177035,-1.4406779661016949
operatingCashFlowSalesRatio,0.4072033221530107,0.40281583671926674,0.40629974030325877,0.37885714285714284,0.30434782608695654,0.2747312313668805,0.2853272373211413,0.2638724445496882,0.27166140029935143,0.25059544062606326,0.29728348803542537,0.30518992102294096,0.22785090144895476,0.25890715237672146,0.21774675972083748,0.21513694334099936,0.12880018565792528,0.1802992518703242,0.10316951109970486,0.13824828263002945,0.10197287299630087,0.08668050299108777,0.0990657663490889,0.10103051121438675,0.14669051878354203,0.1366742596810934,0.14918126428027417,0.1409288978637475,0.1076062639821029,0.10751087703228761,0.10027790643816582,0.10834856794637417,0.1300193673337637,0.10682297154899895,0.15031704587840358,0.15981087470449173,0.11649286498353457
freeCashFlowOperatingCashFlowRatio,0.6487546577760345,0.6185784658691063,0.6583505154639175,0.6240034475328593,0.41244239631336405,0.21144360407760604,0.2397626112759644,0.2674244690397846,0.29201101928374656,0.2053632043448744,0.34202234316814667,0.43776956253850896,0.2975728155339806,0.40288263555250514,0.18818681318681318,0.20359572400388726,-1.0216216216216216,0.24965421853388658,-0.5833333333333334,0.0417036379769299,-0.12454655380894801,-1.2014084507042253,-1.1176470588235294,-0.479,0.2779204107830552,0.15069444444444444,0.26228462029355454,0.3401206636500754,0.20166320166320167,-0.10862619808306709,0.0023094688221709007,-0.04274465691788527,0.1807348560079444,-0.4192355117139334,0.32754342431761785,0.20512820512820512,-0.2591283863368669
cashFlowCoverageRatios,0.30271906910472574,0.24842657342657343,0.2986821037073531,0.3144948160195162,0.2940130409010077,0.26928185601700166,0.3198860939724727,0.3431533566002874,0.3419152276295133,0.2996338486574451,0.37777296829347473,0.37465373961218834,0.25724275724275725,0.37206332992849844,0.30095080611823066,0.3451861791345186,0.18407960199004975,0.19759497130363488,0.10992616899097621,0.15979016021551112,0.13637862796833772,0.10824820856837933,0.1504424778761062,0.15108022359873094,0.23815346988688474,0.30861551650235747,0.6611814345991561,0.4703795672224193,0.27940749346500143,0.27146574154379877,0.2704559650218613,0.2628622117090479,0.3155750548417424,0.2026993251687078,0.37418755803156917,,
shortTermCoverageRatios,28.171270718232044,10.630922693266832,19.79591836734694,257.8333333333333,182.73684210526315,9.187311178247734,168.5,14.662280701754385,6.129455909943715,3.776923076923077,6.88560157790927,5.295269168026101,18.23008849557522,9.10625,2.775095298602287,3.43,1.1846318036286019,1.3339483394833949,1.8785046728971964,2.1104868913857677,3.6755555555555555,0.9479305740987984,1.160346695557963,5.347593582887701,12.365079365079366,4.298507462686567,10.587837837837839,6.597014925373134,3.1032258064516127,4.38785046728972,2.1758793969849246,2.4901960784313726,2.1702586206896552,0.8369453044375645,17.52173913043478,,
capitalExpenditureCoverageRatio,-2.8470128419877163,-2.621771217712177,-2.9269764634882316,-2.6595988538681947,-1.7019607843137254,-1.2681401167639699,-1.3153786104605776,-1.3650469579420172,-1.4124513618677044,-1.2584365655702692,-1.519808445798868,-1.7786301369863013,-1.4236351071181754,-1.674712643678161,-1.2318104906937395,-1.2556436851738866,-0.4946524064171123,-1.3327188940092165,-0.631578947368421,-1.0435185185185185,-0.889247311827957,-0.454254638515675,-0.4722222222222222,-0.676132521974307,-1.3848888888888888,-1.177432542927228,-1.3555363321799307,-1.5154285714285713,-1.2526041666666667,-0.9020172910662824,-1.0023148148148149,-0.9590075512405609,-1.2206060606060607,-0.7046046915725456,-1.4870848708487086,-1.2580645161290323,-0.794200187090739
dividendPaidAndCapexCoverageRatio,-5.35609243697479,-5.1423401688781665,-5.425055928411633,-4.669014084507042,-2.6066066066066065,-1.770081490104773,-1.7963752665245203,-1.8368131868131867,-1.9071803852889668,-1.652271452607964,-1.9212988442487617,-2.2339986235375084,-1.8693284936479129,-2.0349162011173183,-1.416342412451362,-1.3775100401606426,-0.5160390516039052,-1.4474474474474475,-0.6773378264532435,-1.1338028169014085,-1.0895915678524375,-0.5457340507302075,-0.5338983050847458,-0.8216926869350862,-1.750561797752809,-1.44,-1.6288981288981288,-1.918958031837916,-1.5927152317880795,-1.0622171945701357,-1.2027777777777777,-1.1397435897435897,-1.4808823529411765,-0.85099685204617,-1.9282296650717703,-1.6172248803827751,-0.9443826473859844
dividendPayoutRatio,0.22189896852684474,0.28824593128390597,0.22906034223956773,0.22695678452704743,0.1294096143301042,0.39673278879813306,0.3485772357723577,0.32641411520498187,0.3218884120171674,0.300161377084454,0.26344676180021953,0.2380038387715931,0.29947916666666663,0.22564102564102564,0.17290419161676646,0.11068702290076335,0.08122270742358079,0.2536873156342183,0.3495934959349593,0.20283018867924527,0.583617747440273,0.463716814159292,131,0.48789571694599626,0.29411764705882354,0.2608187134502924,0.313915857605178,0.28220858895705525,0.456824512534819,7.8500000000000005,-1.894736842105263,0.40384615384615385,0.337995337995338,1.346938775510204,1.3478260869565217,0.4282296650717703,-1.4406779661016949
priceBookValueRatio,5.742587101556708,4.994647620334326,5.074606554186361,4.316914749661706,3.441373621897314,3.8187927048548675,1.8587125844490218,3.066197991391679,2.5217780207001814,2.523898417890521,2.9314773612063867,2.953867660682017,1.9543622944049288,1.4484357633220677,2.2516720207253886,1.7377952046240213,1.4589777386032186,1.2318208427543678,1.1707841505941423,0.901567112348662,1.3554359596941177,0.9356016365105535,1.0657040800778317,1.4344216252653061,1.9004269312507804,2.042237558464865,2.2305869872701556,2.0616251020702223,2.8957404365573107,2.4789914621848745,1.8227528598365808,0.9935411570852076,0.910486687563324,0.6259312499999999,0.37905206324720403,0.39284054001173935,0.3970146316437513
priceToBookRatio,5.742587101556708,4.994647620334326,5.074606554186361,4.316914749661706,3.441373621897314,3.8187927048548675,1.8587125844490218,3.066197991391679,2.5217780207001814,2.523898417890521,2.9314773612063867,2.953867660682017,1.9543622944049288,1.4484357633220677,2.2516720207253886,1.7377952046240213,1.4589777386032186,1.2318208427543678,1.1707841505941423,0.901567112348662,1.3554359596941177,0.9356016365105535,1.0657040800778317,1.4344216252653061,1.9004269312507804,2.042237558464865,2.2305869872701556,2.0616251020702223,2.8957404365573107,2.4789914621848745,1.8227528598365808,0.9935411570852076,0.910486687563324,0.6259312499999999,0.37905206324720403,0.39284054001173935,0.3970146316437513
priceToSalesRatio,6.186511739338764,6.183017903619012,5.036771253581302,4.427216326530613,4.435957144985975,4.029242027283404,1.8336905455930912,2.6990480700923514,2.1982204383003494,1.9296358438244299,2.110673685514775,2.412306741320421,1.912209806028758,1.0357184383132831,1.9497279661016949,1.6244370394886054,1.3465663649164539,1.0461261546134664,0.9694687698940075,0.6902208474200195,1.0228443986840936,0.6872805575490172,0.5674028938051984,0.8521316585734492,1.0317165695877977,0.9682020315615035,0.9008139756283321,0.8175069886092039,1.0300284774331374,0.8444011449507672,0.6716071792496525,0.42877870045566363,0.41392170779993076,0.27965737618545833,0.24440681337809278,0.3164394011032309,0.265457231064764
priceEarningsRatio,20.48862734726263,23.665417169620255,18.04981640768538,16.389664551223934,9.24975308170353,26.020816802800468,11.004938533536587,17.74480539699014,14.182295596030043,12.202689069392147,13.603535175082328,16.41541554746257,15.007195187765625,8.539934815542857,14.63755351796407,11.862110473090075,10.135116971921398,24.74906123893805,30.71166716985366,13.27047251926415,28.311495130812286,9.963743445812389,3067.096342464,15.706516120223462,13.714470194733416,11.930966788926316,15.310922330097087,11.797428306478528,25.650291332178966,368.74998,-76.31578421052632,9.665190212194286,7.472782347110638,14.443257142857142,14.244666666666667,4.803368421052632,-16.39535847457627
priceToFreeCashFlowsRatio,23.41822853688029,24.814136698521047,18.82992121954275,18.72700276243094,35.33896585893855,69.36186625194401,26.804107715346536,38.248590604026845,27.71048112264151,37.495535504132235,20.75849337437186,18.055801900551725,28.20275506738336,9.92931092267121,47.58095255474453,37.08678930727446,-10.233429394047619,23.240808199445983,-16.108891521927507,119.71660315251064,-80.53658323619418,-6.599665940075029,-5.124638834526316,-17.60834896985386,25.306839920535793,47.00910877664516,23.022262773722627,17.055262208035476,47.46626076418685,-72.30391764705884,2899.9998,-92.58234834838737,17.614415532475075,-6.244584705882352,4.964050505050505,9.652923076923077,-8.79387409090909
priceToOperatingCashFlowsRatio,15.192684840164738,15.349490610837439,12.396688341030927,11.685714285714287,14.575287762096774,14.666122985859914,6.42662285875371,10.228609033801975,8.091765837465564,7.700203319755601,7.099868544543111,7.904280499286506,8.392373231216505,4.000346953746054,8.95410782967033,7.550711719994168,10.454692732297298,5.80216580912863,9.396853387791044,4.992617877700089,10.030553897615478,7.928894432230987,5.727537520941176,8.43439915656,7.033287346336328,7.084011530925,6.0383854499042755,5.800847100923077,9.57219811668633,7.854099680511184,6.697459122401847,3.957400716803959,3.183538854925982,2.6179516646115903,1.6259421009098431,1.9800867850098618,2.278742402826855
priceCashFlowRatio,15.192684840164738,15.349490610837439,12.396688341030927,11.685714285714287,14.575287762096774,14.666122985859914,6.42662285875371,10.228609033801975,8.091765837465564,7.700203319755601,7.099868544543111,7.904280499286506,8.392373231216505,4.000346953746054,8.95410782967033,7.550711719994168,10.454692732297298,5.80216580912863,9.396853387791044,4.992617877700089,10.030553897615478,7.928894432230987,5.727537520941176,8.43439915656,7.033287346336328,7.084011530925,6.0383854499042755,5.800847100923077,9.57219811668633,7.854099680511184,6.697459122401847,3.957400716803959,3.183538854925982,2.6179516646115903,1.6259421009098431,1.9800867850098618,2.278742402826855
priceEarningsToGrowthRatio,0.5242942553157245,-1.794984793083923,2.095872208638903,-0.4578838384806463,0.040090919118016925,-2.71172663990696,2.7527837855329413,3.387184889589642,52.72977502603336,6.008999860657502,0.4256535362766798,0.5350672488166389,-0.9617287056948368,3.9342596253671847,7.375075041743885,0.8231585752538169,0.032645245923561814,0.784744401138134,-0.7315588134841513,0.30825163015813134,-0.5851196232438277,0.0003516761642585903,-30.78641700682856,-0.5116315777269376,-1.431209449584889,0.3296650778653203,-2.702547270323523,0.14362016851967266,0.015931857972889922,2.919270674999999,0.6334554296125376,-0.7647460293437359,0.003701467471685577,7.669024720459353,7.998365266445049,2.670957357128088,-8.983011457965178
priceSalesRatio,6.186511739338764,6.183017903619012,5.036771253581302,4.427216326530613,4.435957144985975,4.029242027283404,1.8336905455930912,2.6990480700923514,2.1982204383003494,1.9296358438244299,2.110673685514775,2.412306741320421,1.912209806028758,1.0357184383132831,1.9497279661016949,1.6244370394886054,1.3465663649164539,1.0461261546134664,0.9694687698940075,0.6902208474200195,1.0228443986840936,0.6872805575490172,0.5674028938051984,0.8521316585734492,1.0317165695877977,0.9682020315615035,0.9008139756283321,0.8175069886092039,1.0300284774331374,0.8444011449507672,0.6716071792496525,0.42877870045566363,0.41392170779993076,0.27965737618545833,0.24440681337809278,0.3164394011032309,0.265457231064764
dividendYield,0.010830348210539903,0.012180048600788359,0.012690452748429993,0.013847555196613156,0.01399060203953799,0.015246746164994907,0.03167461905489968,0.01839491095576331,0.022696495770915356,0.02459796978990025,0.019366051427777132,0.014498800720788501,0.019955705441268082,0.02642186743982569,0.011812369560566813,0.00933114079082838,0.008013988161024917,0.010250381345175566,0.011383084285249017,0.015284323025032137,0.02061416201241536,0.04654042094532102,0.042711406937663746,0.031063267831737008,0.021445789949054654,0.02186065203805364,0.020502739863561666,0.02392119550343706,0.01780972023353671,0.021288136747831147,0.024827587919143995,0.041783570212268875,0.04523018633428075,0.09325727307820782,0.09461970002502844,0.08915195078413872,0.0878710867063813
enterpriseValueMultiple,12.98075567460877,13.78658543962526,11.778184700718526,10.859483583041122,12.395242676394163,11.964873404025102,6.454952767689162,9.12810970464135,7.715518524629468,6.914970359555459,7.527998435009058,8.15538135819358,12.170154892831494,9.312227126776843,13.652437532266392,10.324025868374878,8.309692533741007,11.528673726708075,26.510183041652652,11.578151596156804,25.780990756712942,16.045348740423986,17.27031319961744,13.260638499141551,11.689750824472878,8.36871776078584,7.934765625,7.661999428436252,202.51564898774177,-19.295879400749065,-13.903908143322475,99.85919424188444,23.736128044171917,22.92309714285714,7.102598006644518,5.688923428571429,-50.55538452380952
priceFairValue,5.742587101556708,4.994647620334326,5.074606554186361,4.316914749661706,3.441373621897314,3.8187927048548675,1.8587125844490218,3.066197991391679,2.5217780207001814,2.523898417890521,2.9314773612063867,2.953867660682017,1.9543622944049288,1.4484357633220677,2.2516720207253886,1.7377952046240213,1.4589777386032186,1.2318208427543678,1.1707841505941423,0.901567112348662,1.3554359596941177,0.9356016365105535,1.0657040800778317,1.4344216252653061,1.9004269312507804,2.042237558464865,2.2305869872701556,2.0616251020702223,2.8957404365573107,2.4789914621848745,1.8227528598365808,0.9935411570852076,0.910486687563324,0.6259312499999999,0.37905206324720403,0.39284054001173935,0.3970146316437513
