,2021,2020,2019,2018,2017,2016,2015,2014,2013,2012,2011,2010,2009,2008,2007,2006,2005,2004,2003,2002,2001,2000,1999,1998,1997,1996,1995,1994,1993,1992,1991,1990,1989,1988,1987,1986,1985
period,FY,FY,FY,FY,FY,FY,FY,FY,FY,FY,FY,FY,FY,FY,FY,FY,FY,FY,FY,FY,FY,FY,FY,FY,FY,FY,FY,FY,FY,FY,FY,FY,FY,FY,FY,FY,FY
revenueGrowth,0.18321836908249078,-0.11342883471559018,-0.025551020408163264,0.0738078541374474,0.030626072815972537,-0.0628227923122513,-0.06772436656405399,0.05346748711125894,0.022966995576726778,0.0011070424934003236,0.10408048138397893,0.17641853777237032,-0.1967125721901377,0.12213359920239282,0.04850512230817479,0.1100023207240659,0.07456359102244389,0.029128705248299757,-0.04403827281648675,0.005178791615289766,-0.00988890245391283,-0.2423457589492184,0.0922408567387351,-0.06807268618774127,0.008067577828397874,0.0030464584920030465,0.1163779360187055,0.052460850111856826,0.02358598580261049,0.011347846225104215,0.052528945764777575,0.05939315687540349,0.020152792413066386,-0.05607360437647644,0.26761229314420804,-0.13319672131147542,0.0
grossProfitGrowth,0.17835855112333793,-0.10504718916700861,0.02116069557930023,0.26504108136761195,-0.5434414327202324,-0.0298192063864757,-0.005951686311121485,0.05855466337245213,0.021064581231079717,0.010451185317359163,0.01592645345073158,0.24303878963463704,-0.11897334089619965,0.07680561917850054,0.04549808429118774,0.09663865546218488,0.5256410256410257,-0.23948811700182815,-0.06460193805814174,0.012504809542131588,0.056504065040650406,-0.25981645855273056,0.11060985797827903,-0.08486238532110092,0.01600124281497592,-0.0037145952638910386,4.4661590524534684,-0.20404040404040405,0.8726355611601513,0.32166666666666666,-0.5341614906832298,-0.02127659574468085,-0.0436046511627907,-0.04378040305767894,0.041998551774076756,0.07054263565891473,0.0
ebitgrowth,0.28243924805135256,-0.12145015105740181,0.019716574245224893,0.32778838287428413,0.0820300973738566,-0.054408482142857144,-0.008026570716855799,0.04031097034264325,0.0046282904252241824,0.011410181392627268,0.11299251058287203,0.3439824945295405,-0.17449421965317918,0.22695035460992907,0.05519176800748363,0.3793548387096774,0.55,0.597444089456869,-0.4445430346051464,0.17763845350052246,0.18881987577639753,0.32401315789473684,-0.47586206896551725,-0.26721415034744156,0.04007884362680683,0.2986348122866894,-0.048701298701298704,0.0,0.0,0.0,0.0,0.0,0.0,0.0,0.0,0.0,0.0
operatingIncomeGrowth,0.28243924805135256,-0.12145015105740181,0.019716574245224893,0.32778838287428413,0.0820300973738566,-0.054408482142857144,-0.008026570716855799,0.04031097034264325,0.0046282904252241824,0.011410181392627268,0.11299251058287203,0.3439824945295405,-0.17449421965317918,0.22695035460992907,0.05519176800748363,0.3793548387096774,0.55,0.597444089456869,-0.4445430346051464,0.17763845350052246,0.18881987577639753,0.32401315789473684,-0.47586206896551725,-0.26721415034744156,0.04007884362680683,0.2986348122866894,-0.048701298701298704,0.0,0.0,0.0,0.0,0.0,0.0,0.0,0.0,0.0,0.0
netIncomeGrowth,0.3674502712477396,-0.1699189432602822,0.006648534300392868,-0.3951745567537927,2.191948658109685,-0.1290650406504065,0.02127659574468085,0.03379828326180258,0.0026896180742334587,0.02030735455543359,0.1657069737683941,0.3567708333333333,-0.15604395604395604,0.021706586826347306,0.01984732824427481,0.14410480349344978,2.377581120943953,0.3780487804878049,-0.419811320754717,0.447098976109215,-0.4814159292035398,281.5,-0.9962756052141527,-0.327909887359199,-0.06549707602339182,0.38349514563106796,-0.05214723926380368,0.8161559888579387,16.95,1.263157894736842,-1.2087912087912087,-0.15151515151515152,14.0,-1.0763888888888888,0.03349282296650718,4.5423728813559325,0.0
epsgrowth,0.3907848911089936,-0.15903981843434437,0.0652501351590873,-0.34193807514064956,2.3282342068118655,-0.0934016012628684,0.048765044099500776,0.051514231289512234,0.01362104043350304,0.09134545428415897,0.1870852312469079,0.4414651465177256,-0.1538793652775285,0.11265033742721887,0.043625853565722635,0.126653260244514,2.3480940554580876,0.3859757156616613,-0.43000243000243,0.4388516225945974,-0.48134516317525133,266.7859712230216,-0.9960753033522274,-0.30517585548999704,-0.08249858249858256,0.3605456337665995,-0.05618412536982238,0.8005847405603935,16.298596112311014,1.263180332528066,-1.2099427184852223,-0.12135192758030126,14.733829353174126,-1.10790966304939,0.01459710160160819,4.5127613421331985,0.0
epsdilutedGrowth,0.4,-0.13669064748201437,0.0859374999999999,-0.3589316596107413,2.3093946460743897,-0.09500095249952376,0.041667187499999994,0.04918032786885251,0.022345797572180196,0.0718562443974583,0.23399119063822438,0.3951900981341218,-0.12874315231830918,0.11705726893462806,0.060284106685220024,0.11904642857142837,2.315806925299607,0.3333333333333334,-0.4271409964181049,0.44202851291950906,-0.48314265874754775,265.7859712230216,-0.9960127362955739,-0.3066316611224647,-0.09499959499959496,0.3605456337665995,-0.05618412536982238,0.8216421052631577,16.098632109431243,1.263180332528066,-1.2099427184852223,-0.12135192758030126,14.733829353174126,-1.10790966304939,0.01459710160160819,4.5127613421331985,0.0
weightedAverageSharesGrowth,-0.01703800786369594,-0.0129366106080207,-0.0550122249388753,-0.08089887640449438,-0.040948275862068964,-0.039337474120082816,-0.02620967741935484,-0.01684836471754212,-0.010784313725490196,-0.06336088154269973,-0.0198249185887639,-0.054881114312474,-0.030552009421171908,-0.060599158667813235,-0.022300288126812153,0.016712487004736053,0.007583940110616585,0.0038885046082518557,0.005805508416812,0.005012566849972599,0.003441704354751543,0.0015478406198959243,-0.0011571658920610831,-0.03184631490018182,0.019486689790434997,0.015993722356969612,0.004615296410962045,0.008623732484391189,0.037572254444444446,0.0,0.01971830995490313,-0.028766468346475768,-0.3225180081521518,-0.03644901621406697,0.013906578119148097,0.008412718093457986,0.0
weightedAverageSharesDilutedGrowth,-0.021267361111111112,-0.03759398496240601,-0.07317073170731707,-0.05798687089715536,-0.035864978902953586,-0.036585365853658534,-0.017964071856287425,-0.016683022571148183,-0.020192307692307693,-0.04499540863177227,-0.05593150692056821,-0.02825472723321017,-0.03161022217218712,-0.08851164450789685,-0.03788948649379526,0.02167754271480195,0.01330489268097587,0.04959980596652923,0.004140282513395032,0.005192811980659953,0.005181862063090945,-0.00649753638996502,-0.0070029318941530186,-0.029874270806913295,0.033510740381869845,0.015993722356969612,0.004615296410962045,-0.003036657270533332,0.04970760222222222,0.0,0.01971830995490313,-0.028766468346475768,-0.3225180081521518,-0.03644901621406697,0.013906578119148097,0.008412718093457986,0.0
dividendsperShareGrowth,0.0709443747386031,0.05825112639113377,0.07512363851216927,0.15409984390755999,0.08563119629874429,0.03184377199155529,0.11997419414299204,0.06629872311827963,0.0869912720994917,0.24113970588235292,0.3164205100861992,0.14087326567475944,0.15543059660278874,0.41934441046752896,0.6294404395636101,0.5335110022495216,0.073255840817083,-0.003873442708430209,-0.005771999027873898,-0.49958439008926026,-0.34956684290406104,-0.0015454485119132204,0.0011585064762410912,0.15156677517199071,0.0336688744896178,0.13138940801309656,0.04950405379419002,0.11235853706184504,0.006759753633213184,0.09027777777777783,-0.0393505469387755,0.0438201219456396,0.0,0.0,0.0,0.0,0.0
operatingCashFlowGrowth,0.1961060286183439,-0.12103092783505155,0.045033397974574445,0.33669354838709675,0.1417296941795462,-0.09762611275964392,0.00807657792402034,0.023262932353841446,0.10896130346232179,-0.15611572615296476,0.07547751078250153,0.5757281553398058,-0.2930679478380233,0.3342490842490842,0.061224489795918366,0.8540540540540541,-0.23236514522821577,0.7985074626865671,-0.28660159716060335,0.36275695284159615,0.1647887323943662,-0.3370681605975724,0.071,-0.3581514762516046,0.08194444444444444,-0.08104658583280153,0.1817496229260935,0.3783783783783784,0.024494142705005325,0.08429561200923788,-0.025871766029246346,-0.11717974180734857,0.0,0.0,0.0,0.0,0.0
freeCashFlowGrowth,0.25445582100872205,-0.17413091136861886,0.10255524861878453,1.0223463687150838,1.2270606531881805,-0.2042079207920792,-0.09619686800894854,-0.06289308176100629,0.5768595041322314,-0.4932998324958124,-0.1597466572836031,1.3181076672104404,-0.4778534923339012,1.856447688564477,-0.01909307875894988,1.3694885361552027,-4.141274238227147,1.7697228144989339,-10.97872340425532,1.4563106796116505,0.8792497069167644,0.28738512949039263,-1.498956158663883,-2.1062355658198615,0.9953917050691244,-0.4720194647201946,-0.08869179600886919,1.324742268041237,2.9019607843137254,-52.0,1.0526315789473684,-1.2087912087912087,0.0,0.0,0.0,0.0,0.0
tenYRevenueGrowthPerShare,0.5483218938942348,0.44887244118124003,1.0078765681937953,0.6134315745569205,0.6496085317082458,0.6462161908735681,0.8423058447651816,1.0522664035475826,0.9634385594451682,0.8045677163308895,0.6886388766037235,0.47921564033167413,-0.10100881801432578,0.18639753687795627,-0.043963765604405784,-0.11851003998636081,-0.20288374551461588,-0.16941852903019014,-0.1545755675550142,-0.1224855423061361,-0.11267440302550064,-0.0717925297257217,0.3383792508148504,0.8430002850011804,0.8756469542050613,1.3715457706369905,1.0648272239904115,0.8581135892601468,0.7807194097341983,0.8050511418853976,0.7847975339274439,0.7291597843760478,0.585264123402596,0.052771608248325205,0.07465912970841053,-0.14042805774273193,0.0
fiveYRevenueGrowthPerShare,0.39975499141747217,0.1344221954498954,0.20916351930949204,0.2564718171752563,0.11214163649640045,0.10613779081888843,0.27718978612423767,0.660550071292606,0.2840969073099986,0.48327198404785643,0.48825598812138266,0.4424683510473773,0.23589552584226295,0.5290423551897607,0.2166128233651494,0.13464275640864923,0.02547528287716993,-0.272599371720347,-0.2240911228840883,-0.214182017454658,-0.2231123364293839,-0.22268603856650765,0.1418487126333474,0.08959242171254253,0.1166892043517609,0.14215431468728024,0.19412170156125072,0.172116092094426,0.6914584281932559,0.6796499392092503,1.076379470042378,0.7291597843760478,0.585264123402596,0.052771608248325205,0.07465912970841053,-0.14042805774273193,0.0
threeYRevenueGrowthPerShare,0.114883918367347,0.08209341034044776,0.2946586839672164,0.22482274304401892,0.0036651438839030662,0.0007610127769144006,0.060840612115077,0.1843484141547606,0.24501885027978723,0.4985827088362168,0.1617667637156673,0.23201357901981395,0.061463697999682355,0.39857068244805866,0.24865276555746157,0.19360553745550071,0.039110159822333734,-0.025498457642452392,-0.06202750934970067,-0.25344301101697414,-0.18377028623723024,-0.20373366080266642,0.040799522236670674,-0.06032894592839583,0.08479973188766932,0.1447700255722654,0.14391618945138293,0.04107807969196991,0.029817733343107635,0.13864378511957537,0.6953321308665557,0.6090309350884352,0.8442483350952954,0.052771608248325205,0.07465912970841053,-0.14042805774273193,0.0
tenYOperatingCFGrowthPerShare,1.1208100830707535,0.9123461310179924,2.580410360592321,1.3609238714376093,1.3056819360414864,1.1022284419925605,3.0812055844664545,2.003542982867086,4.170039702380072,2.2710456391252154,3.92292156255309,4.208111269210545,1.0676764412066861,2.040337064196578,0.41913597376075157,0.3875403900164516,-0.31178541713000446,0.06261540467019153,-0.1894335688338604,0.128396215415163,-0.0976762118339405,-0.2574199001570462,0.019752432784388554,0.0,0.0,0.0,0.0,0.0,0.0,0.0,0.0,0.0,0.0,0.0,0.0,0.0,0.0
fiveYOperatingCFGrowthPerShare,1.0746999890386935,0.6015408488280293,0.861819352596745,0.7522670582239374,0.3506945239021488,0.022224945426169748,0.1940664094939591,0.9230707617248669,0.34735390952940365,0.7070343406593406,1.0565223451049053,2.4179050277413414,0.5618473550984194,2.837180169081066,0.9162154862460334,1.3938089339369502,0.5237729623670171,0.3238658915399527,-0.20766371913032092,-0.2594068965902612,-0.4203629327531795,-0.5483483433116385,-0.19733908739492362,0.023008097365490927,0.5236385678180818,0.556704771232018,0.6441434208118764,0.2704647962422023,0.0,0.0,0.0,0.0,0.0,0.0,0.0,0.0,0.0
threeYOperatingCFGrowthPerShare,0.19829979171155648,0.4321914767682746,0.9146694187628924,0.6263180805757693,0.15761729187603146,0.012069823100387301,0.20787002483628705,0.051242076399220036,0.10823962709001622,0.6481742747001714,0.33396884802350585,0.726767954491248,0.12419306832494852,1.811330984816126,0.5079934658417224,1.4889974193529134,-0.031904201932692916,0.7230258780677544,0.11640057390199388,0.04183539295154653,-0.17615690609822932,-0.5294803824482706,-0.24559604327306564,-0.3636235258882381,0.12914979013529948,0.45401011019412674,0.5872892872205032,0.46311377622912814,0.022762376724866074,-0.05847417599470385,0.0,0.0,0.0,0.0,0.0,0.0,0.0
tenYNetIncomeGrowthPerShare,2.013178924259056,1.575940587085527,3.3972427400010776,2.593553195948306,4.939263195519074,0.8614371610950248,1.31047438227237,6.384953825292606,8.640767144480167,4.486448543285238,6.252025611372803,2.1513788618155054,618.1948183857476,1.6521040099413025,0.6927721578205123,0.4875375466597526,0.8000596632614494,-0.49335537317359873,-0.3354184264321524,18.931462094965894,-4.642745391740591,0.44322413500084384,-0.9955300007190462,-24.00353066099197,1.6270406230677634,1.921307060472867,-8.536098276361923,-8.987400488034847,-5.4358974353053355,-1.2564102564030133,-0.02564102566854988,-5.758685446321788,-6.447115384927076,-0.7161290322457343,-4.580679785063256,-4.512820512669924,0.0
fiveYNetIncomeGrowthPerShare,1.7294966938934269,0.7787816066234057,1.2183246048694556,1.1897206890038514,2.3728535941154782,0.10393206593739349,0.4481488775765667,0.9822359317246301,0.6411011751380432,0.7609015718562873,0.6861881437553886,0.5954674398801308,2.7255675306356593,4.874572080340641,2.115704268184391,3.300840115754507,0.9752072546540166,165.20147488780052,-0.5485451580691953,-0.456696781172066,-0.6541286105450144,-0.08867301949194518,-0.9969516237616518,0.47208870487584526,35.68570588991533,-11.532080717866622,0.5836512754140805,0.466354193659472,-16.62645687369232,-0.9283906208333335,-1.2773722627777777,-5.758685446321788,-6.447115384927076,-0.7161290322457343,-4.580679785063256,-4.512820512669924,0.0
threeYNetIncomeGrowthPerShare,0.24624075752996868,-0.4104863173463416,1.3330943255527496,0.9856170612439622,2.164511407963709,-0.00021158613289924767,0.11781195393235534,0.16104632891894757,0.3131670778730389,0.859792618974673,0.486281621408894,0.3592226995426174,-0.012356439089201292,0.2766521330976054,2.9347928957004634,4.178110490805784,1.654354366953561,0.1401476451312768,-0.5707512784798965,208.89424102966683,-0.4564589730820857,-0.2698896441991558,-0.997627310765614,-0.13349928954839585,0.17767867877037408,1.313405013416456,28.390783278641745,-9.197595237951546,-0.06783134011640767,-0.9529273315721316,2.432400932154882,0.3289893908337079,0.5506386862865902,-0.7161290322457343,-4.580679785063256,-4.512820512669924,0.0
tenYShareholdersEquityGrowthPerShare,1.316674157303371,1.196262801893588,1.0368375716844123,1.314010655504625,1.4556559546680639,0.8581460682443948,0.969229982336322,1.127196688468843,1.0669249760062736,0.8021322487912004,0.6111677739966509,0.644484941254328,0.6520796425711342,0.4280480750128432,0.5248741884527314,0.7380486493528551,0.8217333586689584,0.778840340921935,0.9680774365058061,0.9722888050528328,0.817297529626315,0.5799407605917173,0.5674348912868499,1.5638845652779352,0.6858575824986486,0.4639507165349355,0.32838888788736115,0.17376081098461466,0.00904528879578713,-0.020535141346270117,0.047615858902913775,0.18879791072487023,0.14807906937394308,-0.28382931420713636,0.03403619207109228,0.05165328148048567,0.0
fiveYShareholdersEquityGrowthPerShare,0.4291999885834975,0.4234970096089343,0.36340368350034624,0.478242337635016,0.8750468789847137,0.6209587012377903,0.5428643594389772,0.49393579930422343,0.5653797733913664,0.30965043177892915,0.14632536092713797,0.27634679632652975,0.4238876191731603,0.3203984177771243,0.37604066326563307,0.4055065245119871,0.2884311270160598,0.16025985500912146,0.08152816285325899,0.10816070277595223,0.23659948854120869,0.4139159792638658,0.5331396094092651,0.8197190827779058,0.7797859102134123,0.46959265830697056,0.117421957006448,0.022369314358005012,0.40894525399163145,-0.0527750709654179,-0.003839119459493464,0.18879791072487023,0.14807906937394308,-0.28382931420713636,0.03403619207109228,0.05165328148048567,0.0
threeYShareholdersEquityGrowthPerShare,0.17114489638886687,0.0392137551844199,0.21788945273562405,0.27325885898891816,0.469717730885174,0.211332202054558,0.3688644901276237,0.4479559718433452,0.3289199367789821,0.17099148701307326,0.16979842022246686,0.1619517681997447,0.11104416455042175,0.08354709362802304,0.27313383789769663,0.347435933835282,0.25271038122087675,0.09670159447231096,0.05731405326008152,0.07349013848236358,0.03684321962812006,0.07743781357057698,0.16885939382615808,0.38226010782810244,0.4851729063255714,0.5257675666936834,0.35623945683281155,0.12041145712876342,-0.15120536493833409,-0.1468663746410427,0.46280192653111923,0.14966760335902995,0.09168971332235287,-0.28382931420713636,0.03403619207109228,0.05165328148048567,0.0
tenYDividendperShareGrowthPerShare,1.537975,2.119716040248594,2.3632854603745996,2.6145079382719967,3.445223405807676,5.671903686087991,8.915684899485742,8.502064234808703,7.876741881208657,7.119205335157318,2.273585616934899,0.6174532465370054,0.4155415894235242,0.22653970536099222,-0.004862834766294671,-0.3687143828188039,-0.5342518836434136,-0.5445591651370725,-0.4914165302812383,-0.48500608695857866,0.12204017612487475,0.6571837855247783,0.7324792385539545,0.0,0.0,0.0,0.0,0.0,0.0,0.0,0.0,0.0,0.0,0.0,0.0,0.0,0.0
fiveYDividendperShareGrowthPerShare,0.5266509803921567,0.470912349212293,0.5567041053685906,0.5439262428687857,0.4541500543675247,0.6624461206896552,1.1209394576905096,1.1605168565918655,1.3411143861094306,2.056922077922078,3.0133052151610142,3.6751381155796534,3.3980514226571934,2.7916737148245145,1.6560066394221908,-0.18431680586656743,-0.6540309170445838,-0.6781434655058469,-0.6765176020907278,-0.6253257990913021,-0.2260651908467199,0.34621311354750656,0.4150429960315165,0.5722137371487059,0.3745112735075058,0.4497864198050967,0.2309966147616923,0.22432975069498728,0.0,0.0,0.0,0.0,0.0,0.0,0.0,0.0,0.0
threeYDividendperShareGrowthPerShare,0.21846782068353307,0.3130780223767316,0.3470512137584659,0.29282470934584104,0.25459709544309683,0.23225574712643685,0.2981143836683809,0.4385521673387098,0.7759934780523674,0.8640292071611253,0.7353053558012235,0.8709796287278723,1.6722072997703272,2.5466079109709048,1.681813961055281,0.6394745358338567,0.06292780946189531,-0.5043999316528158,-0.6763918050849962,-0.6750161182386694,-0.34981968737733743,0.1511191238006938,0.19171774752206674,0.3467366337756717,0.22737611662129767,0.32081204649180733,0.17531629791117812,0.22097788649789574,0.05445474618480909,0.09327084021455948,0.0,0.0,0.0,0.0,0.0,0.0,0.0
receivablesGrowth,0.25877192982456143,-0.07505070993914807,-0.023762376237623763,0.041237113402061855,0.03411513859275053,-0.04480651731160896,-0.13020372010628875,0.07319391634980989,0.09355509355509356,-0.1479185119574845,0.13695871097683787,-0.0020100502512562816,-0.1011743450767841,-0.05706984667802385,0.0,-0.02329450915141431,0.051618547681539804,-0.017196904557179708,0.4555694618272841,-0.08997722095671981,0.03294117647058824,-0.2511013215859031,0.2639198218262806,-0.09017223910840932,0.1040268456375839,0.07451923076923077,0.17847025495750707,0.05688622754491018,0.10413223140495868,-0.16895604395604397,0.0,0.12868217054263567,-0.28013392857142855,0.0228310502283105,-0.25888324873096447,-0.09006928406466513,0.0
inventoryGrowth,0.12251655629139073,0.15708812260536398,-0.0076045627376425855,-0.29301075268817206,-0.085995085995086,0.16285714285714287,0.28205128205128205,0.08333333333333333,-0.08029197080291971,0.14166666666666666,0.10091743119266056,0.07389162561576355,-0.06451612903225806,-0.09583333333333334,0.17647058823529413,0.02512562814070352,0.20606060606060606,-0.029411764705882353,-0.05555555555555555,-0.1262135922330097,-0.15918367346938775,0.11363636363636363,-0.022222222222222223,-0.00881057268722467,-0.008733624454148471,0.04090909090909091,0.04265402843601896,0.06030150753768844,0.05291005291005291,-0.0825242718446602,-0.19844357976653695,0.08438818565400844,-0.016597510373443983,-0.33608815426997246,0.019662921348314606,-0.16822429906542055,0.0
assetGrowth,0.018545975422813058,0.04014951512141569,0.041602003866154806,0.027700831024930747,0.009177161574518552,0.019254569002734208,0.051190512207666475,0.03999118998175068,0.039612704851002586,0.03725443626369898,0.04733307274084077,0.040871430685012575,0.028454047474132684,0.029529255110832615,0.016116837120458433,0.03701716738197425,-0.01419795777226313,0.12964154411764706,0.03861390864397881,0.00721119176962646,0.015128593040847202,-0.011052123552123552,0.014343760708865717,0.02355063386280503,0.17636310050103154,0.1878588432992578,0.04065870008743806,0.022652757078986587,0.028431297417426622,0.019612439443663074,-0.00046860356138706655,0.04114490161001789,-0.05588822355289421,-0.01549391580379412,0.045020140589210965,0.10153123368714112,0.0
bookValueperShareGrowth,0.04754039131872969,0.12024846394213208,-0.002011595066685338,-0.07046652628008629,0.31285674566180793,0.04336035992045328,0.07295686036874915,0.08204835478639717,0.17904811304402146,0.13495112533481632,-0.0069065225761484154,0.03893038620504843,0.13379477833177056,-0.013567891585262165,-0.006587386363179628,0.10573465576783632,0.1590267773287074,0.05138973837174329,0.028000847664341095,0.014685065109529685,0.013629551955534929,0.04372846356911181,-0.019954359986857937,0.053315281958635226,0.13228977476070675,0.15897429510884242,0.1317372972889073,0.16323897848569505,0.0302006038100395,-0.06505342551854179,-0.11876034652170105,0.035466931187183214,-0.49825468307904197,-0.3083326437514763,0.004844234106177959,0.03344995494249683,0.0
debtGrowth,-0.018414918414918414,0.05678039167385146,0.10035915158907636,0.24964010500465747,0.04569202160630479,0.07195064072140483,0.0814001231779922,0.019570905285191,-0.028173311635475998,0.06395411751974894,0.06659741458910434,0.08191808191808192,0.02247191011235955,0.07923384318588948,0.2172089902717209,-0.011276948590381426,-0.17600437277944794,0.0005468963631391851,0.03700552956188856,0.16309366754617413,-0.075468821466687,-0.07866273352999016,0.07554011179936547,0.011770100886579028,0.4020574367766824,0.9687763713080169,-0.15927633912735012,-0.18123729305837932,-0.004625614339404453,0.08026233603997501,-0.05322294500295683,0.059855844562832966,-0.24526963103122043,0.21319942611190817,-0.03755868544600939,0.33764314739564094,0.0
rdexpenseGrowth,0.0,0.0,0.0,0.0,0.0,0.0,0.0,0.0,0.0,0.0,0.0,0.0,0.0,0.0,0.0,0.0,0.0,0.0,0.0,0.0,0.0,0.0,0.0,0.0,0.0,0.0,0.0,0.0,0.0,0.0,0.0,0.0,0.0,0.0,0.0,0.0,0.0
sgaexpensesGrowth,0.0,0.0,0.0,0.0,-1.0,-0.033816425120772944,-0.02076215505913272,0.08158044343376919,0.031066822977725676,-0.011587485515643106,0.16739939127494083,-0.020860927152317882,-0.10650887573964497,-0.016584230433517602,0.0,0.01867219917012448,-0.05964325529542921,0.0852994555353902,-0.0548885077186964,-0.01961883408071749,0.0014033118158854898,1.3896713615023475,-0.6485148514851485,-0.021904542310352777,0.00766728624535316,-0.02888086642599278,0.0,0.0,0.0,0.0,0.0,0.0,0.0,0.0,0.0,0.0,0.0
