,2021,2020,2019,2018,2017,2016,2015,2014,2013,2012,2011,2010,2009,2008,2007,2006,2005,2004,2003,2002,2001,2000,1999,1998,1997,1996,1995,1994,1993,1992,1991,1990,1989,1988,1987,1986,1985
reportedCurrency,USD,USD,USD,USD,USD,USD,USD,USD,USD,USD,USD,USD,USD,USD,USD,USD,USD,USD,USD,USD,USD,USD,USD,USD,USD,USD,USD,USD,USD,USD,USD,USD,USD,USD,USD,USD,USD
cik,0000277948,0000277948,0000277948,0000277948,0000277948,0000277948,0000277948,0000277948,0000277948,0000277948,0000277948,0000277948,0000277948,0000277948,0000277948,0000277948,0000277948,0000277948,0000277948,0000277948,0000277948,0000277948,0000277948,0000277948,0000277948,0000277948,0000277948,0000277948,0000277948,0000277948,0000277948,0000277948,0000277948,0000277948,0000277948,0000277948,0000277948
fillingDate,2022-02-16,2021-02-10,2020-02-12,2019-02-06,2018-02-07,2017-02-14,2016-02-10,2015-02-11,2014-02-12,2013-02-19,2012-02-21,2011-02-18,2010-02-19,2009-02-19,2008-02-22,2007-02-15,2006-02-24,2005-03-08,2004-03-10,2003-02-26,2002-03-04,2001-03-01,1999-12-31,1999-03-03,1997-12-26,1996-12-27,1995-12-29,1995-03-03,1993-12-31,1992-12-31,1991-12-31,1990-12-31,1989-12-31,1988-12-31,1987-12-31,1986-12-31,1985-12-31
acceptedDate,2022-02-16 14:53:10,2021-02-10 14:43:02,2020-02-12 16:22:04,2019-02-06 14:15:56,2018-02-07 14:01:18,2017-02-14 09:41:29,2016-02-10 11:48:55,2015-02-11 11:14:51,2014-02-12 16:15:05,2013-02-19 15:27:46,2012-02-21 13:43:35,2011-02-18 11:05:56,2010-02-19 08:56:51,2009-02-18 19:07:09,2008-02-22 14:58:08,2007-02-14 18:08:19,2006-02-24 13:48:45,2005-03-08 12:19:38,2004-03-10 16:05:16,2003-02-26 12:21:53,2002-03-04 00:00:00,2001-03-01 00:00:00,1999-12-31,1999-03-03 00:00:00,1997-12-26,1996-12-27,1995-12-29,1995-03-03,1993-12-31,1992-12-31,1991-12-31,1990-12-31,1989-12-31,1988-12-31,1987-12-31,1986-12-31,1985-12-31
calendarYear,2021,2020,2019,2018,2017,2016,2015,2014,2013,2012,2011,2010,2009,2008,2007,2006,2005,2004,2003,2002,2001,2000,1999,1998,1997,1996,1995,1994,1993,1992,1991,1990,1989,1988,1987,1986,1985
period,FY,FY,FY,FY,FY,FY,FY,FY,FY,FY,FY,FY,FY,FY,FY,FY,FY,FY,FY,FY,FY,FY,FY,FY,FY,FY,FY,FY,FY,FY,FY,FY,FY,FY,FY,FY,FY
revenue,12522000000,10583000000,11937000000,12250000000,11408000000,11069000000,11811000000,12669000000,12026000000,11756000000,11743000000,10636000000,9041000000,11255000000,10030000000,9566000000,8618000000,8020000000,7793000000,8152000000,8110000000,8191000000,10811000000,9898000000,10621000000,10536000000,10504000000,9409000000,8940000000,8734000000,8636000000,8205000000,7745000000,7592000000,8043000000,6345000000,7320000000
costOfRevenue,7382000000,6221000000,7063000000,7477000000,7635000000,2805000000,3293000000,4100000000,3931000000,3828000000,3897000000,2913000000,2828000000,4203000000,3481000000,3302000000,2906000000,4276000000,2870000000,2889000000,2912000000,3271000000,4164000000,3913000000,4081000000,4099000000,4043000000,8227000000,7455000000,7941000000,8036000000,6917000000,6429000000,6216000000,6604000000,4964000000,6030000000
grossProfit,5140000000,4362000000,4874000000,4773000000,3773000000,8264000000,8518000000,8569000000,8095000000,7928000000,7846000000,7723000000,6213000000,7052000000,6549000000,6264000000,5712000000,3744000000,4923000000,5263000000,5198000000,4920000000,6647000000,5985000000,6540000000,6437000000,6461000000,1182000000,1485000000,793000000,600000000,1288000000,1316000000,1376000000,1439000000,1381000000,1290000000
grossProfitRatio,0.4104775594952883,0.41217046206179725,0.4083102957191924,0.38963265306122447,0.33073281907433383,0.7465895744873069,0.7211921090508848,0.6763754045307443,0.6731248960585399,0.6743790404899626,0.6681427233245337,0.7261188416698007,0.6872027430593961,0.6265659706796979,0.6529411764705882,0.6548191511603596,0.6627987932234858,0.46683291770573565,0.6317207750545362,0.6456084396467124,0.6409371146732429,0.6006592601635942,0.6148367403570437,0.6046676096181046,0.6157612277563318,0.6109529233105543,0.6150990099009901,0.1256244021681369,0.16610738255033558,0.09079459583237921,0.06947660954145438,0.15697745277269956,0.1699160748870239,0.18124341412012646,0.17891334079323634,0.21765169424743894,0.1762295081967213
researchAndDevelopmentExpenses,0.0,0.0,0.0,0.0,0.0,0.0,0.0,0.0,0.0,0.0,0.0,0.0,0.0,0.0,0.0,0.0,0.0,0.0,0.0,0.0,0.0,0.0,0.0,0.0,0.0,0.0,0.0,0.0,0.0,0.0,0.0,0.0,0.0,0.0,0.0,0.0,0.0
generalAndAdministrativeExpenses,0.0,0.0,0.0,0.0,0.0,3600000000,3726000000,3805000000,3518000000,3412000000,3452000000,2957000000,3020000000,3380000000,3437000000,3437000000,3374000000,3588000000,3306000000,3498000000,3568000000,3563000000,1491000000,4242000000,4337000000,4304000000,4432000000,0.0,0.0,0.0,0.0,0.0,0.0,0.0,0.0,0.0,0.0
sellingAndMarketingExpenses,0.0,0.0,0.0,0.0,0.0,0.0,0.0,0.0,0.0,0.0,0.0,0.0,0.0,0.0,0.0,0.0,0.0,0.0,0.0,0.0,0.0,0.0,0.0,0.0,0.0,0.0,0.0,0.0,0.0,0.0,0.0,0.0,0.0,0.0,0.0,0.0,0.0
sellingGeneralAndAdministrativeExpenses,0.0,0.0,0.0,0.0,0.0,0.0,0.0,0.0,0.0,0.0,3073000000,2957000000,2629000000,2955000000,2986000000,3512000000,3439000000,3588000000,993000000,3498000000,3568000000,3563000000,1491000000,4242000000,4337000000,4304000000,4432000000,4290000000,0.0,0.0,0.0,0.0,0.0,0.0,0.0,0.0,0.0
otherExpenses,72000000,50000000,6972000000,7381000000,7688000000,4966000000,4934000000,4956000000,4622000000,4471000000,1355000000,947000000,1299000000,1505000000,1307000000,614000000,723000000,4186000000,3304000000,638000000,673000000,552000000,8256000000,583000000,620000000,611000000,857000000,0.0,572000000,527000000,501000000,473000000,447000000,467000000,544000000,344000000,409000000
operatingExpenses,0.0,0.0,6972000000,7381000000,7688000000,4966000000,4934000000,4956000000,4622000000,4471000000,4428000000,3904000000,3928000000,4460000000,4293000000,4126000000,4162000000,7774000000,4297000000,4136000000,4241000000,4115000000,9747000000,4825000000,4957000000,4915000000,5289000000,0.0,572000000,527000000,501000000,473000000,447000000,467000000,544000000,344000000,409000000
costAndExpenses,7382000000,6221000000,7063000000,7477000000,7635000000,7771000000,8227000000,9056000000,8553000000,8299000000,8325000000,6817000000,6756000000,8663000000,7774000000,7428000000,7068000000,12050000000,7167000000,7025000000,7153000000,7386000000,13911000000,8738000000,9038000000,9014000000,9332000000,8227000000,8027000000,8468000000,8537000000,7390000000,6876000000,6683000000,7148000000,5308000000,6439000000
interestIncome,7000000.0,17000000,48000000,32000000,13000000,10000000,6000000.0,5000000.0,8000000.0,5000000.0,5000000.0,6000000.0,11000000,37000000,0.0,0.0,0.0,0.0,0.0,0.0,0.0,0.0,0.0,0.0,0.0,0.0,0.0,0.0,0.0,0.0,0.0,0.0,0.0,0.0,0.0,0.0,0.0
interestExpense,722000000,754000000,737000000,639000000,546000000,579000000,544000000,545000000,562000000,566000000,552000000,557000000,558000000,519000000,417000000,392000000,423000000,0.0,-418000000,-556000.0,-537000000,-539000000,0.0,-308000000,-433000000,-241000000,-166000000,-281000000,0.0,0.0,0.0,0.0,0.0,0.0,0.0,0.0,0.0
depreciationAndAmortization,1420000000,1383000000,1349000000,1331000000,1315000000,1301000000,1208000000,1151000000,1104000000,1059000000,976000000,947000000,908000000,918000000,890000000,867000000,833000000,730000000,643000000,649000000,622000000,600000000,621000000,630000000,688000000,620000000,600000000,577000000,-572000000,-527000000,-501000000,-473000000,-447000000,467000000,544000000,427000000,409000000
ebitda,7093000000,5764000000,6402000000,6274000000,5003000000,4621000000,4890000000,4740000000,4588000000,4589000000,4416000000,4050000000,1994000000,2021000000,1937000000,2038000000,2085000000,1288000000,547000000,1072337000,533000000,717000000,711000000,1095000000,1438000000,1695000000,1408000000,1302000000,61000000,-534000000,-614000000,63000000,247000000,412000000,1226000000,1156000000,146000000
ebitdaratio,0.5664430602140234,0.5446470754984409,0.5363156572003016,0.5121632653061224,0.43855189340813466,0.4174722197127112,0.4140208280416561,0.3741416054937248,0.381506735406619,0.39035386185777476,0.37605381929660225,0.3807822489657766,0.22055082402389117,0.17956463793869393,0.19312063808574279,0.2130462053104746,0.24193548387096775,0.16059850374064838,0.0701911972282818,0.13154281157998038,0.06572133168927251,0.08753509949945061,0.06576634908889094,0.11062840977975348,0.1353921476320497,0.160876993166287,0.13404417364813404,0.13837814858114572,0.006823266219239374,-0.06114037096404855,-0.07109773043075499,0.007678244972577696,0.031891542930923174,0.05426765015806112,0.15243068506776078,0.18219070133963752,0.01994535519125683
operatingIncome,5594000000,4362000000,4965000000,4869000000,3667000000,3389000000,3584000000,3613000000,3473000000,3457000000,3418000000,3071000000,2285000000,2768000000,2256000000,2138000000,1550000000,1000000000,626000000,1127000000,957000000,805000000,608000000,1160000000,1583000000,1522000000,1172000000,1232000000,0.0,0.0,0.0,0.0,0.0,0.0,0.0,0.0,0.0
operatingIncomeRatio,0.4467337486024597,0.41217046206179725,0.41593365167127416,0.39746938775510204,0.32144109396914444,0.30617038576203814,0.30344594022521376,0.28518430815376117,0.2887909529353068,0.29406260632868325,0.29106701864940815,0.28873636705528394,0.25273752903439883,0.2459351399378054,0.22492522432701895,0.22349989546309848,0.17985611510791366,0.12468827930174564,0.08032849993583986,0.13824828263002945,0.11800246609124537,0.09827859846172629,0.056239015817223195,0.11719539300868863,0.14904434610676962,0.144457099468489,0.11157654226961157,0.13093846317355723,0.0,0.0,0.0,0.0,0.0,0.0,0.0,0.0,0.0
totalOtherIncomeExpensesNet,-643000000,-735000000,-649000000,-565000000,-525000000,-648000000,-446000000,-569000000,-551000000,-493000000,-530000000,-525000000,-524000000,-622000000,-324000000,-297000000,-514000000,-363000000,-361000000,-404000000,-509000000,-528000000,-469000000,-387000000,-400000000,-206000000,-198000000,-226000000,-280000000,-273000000,-212000000,-278000000,-177000000,-969000000,-213000000,-308000000,-1144000000
incomeBeforeTax,4951000000,3627000000,4316000000,4304000000,3142000000,2741000000,3138000000,3044000000,2922000000,2964000000,2888000000,2546000000,1761000000,2146000000,1932000000,1841000000,1036000000,637000000,265000000,723000000,448000000,277000000,139000000,773000000,1183000000,1316000000,974000000,1006000000,633000000,-7000000.0,-113000000,537000000,692000000,-60000000,682000000,729000000,-263000000
incomeBeforeTaxRatio,0.39538412394186234,0.3427194557308892,0.361564882298735,0.3513469387755102,0.27542075736325383,0.2476285120607101,0.2656845313690627,0.2402715289288815,0.24297355729253284,0.25212657366451174,0.24593374776462573,0.2393757051523129,0.19477933856874238,0.19067081297201244,0.19262213359920238,0.19245243570980555,0.12021350661406359,0.07942643391521197,0.03400487617092262,0.08868989205103042,0.055240443896424164,0.033817604688072274,0.01285727499768754,0.07809658516872095,0.11138310893512852,0.1249050873196659,0.09272658035034273,0.10691890742905728,0.07080536912751678,-0.0008014655369819098,-0.013084761463640574,0.06544789762340036,0.08934796642995481,-0.007903055848261328,0.08479423100833022,0.1148936170212766,-0.03592896174863388
incomeTaxExpense,1170000000,862000000,985000000,995000000,-2329000000,1027000000,1170000000,1117000000,1058000000,1105000000,1066000000,983000000,-624000000,-781000000,-706000000,-531000000,-316000000,219000000,76000000,-107000.0,155000000,91000000,88000000,236000000,384000000,461000000,356000000,354000000,274000000,-27000000,-37000000,172000000,265000000,-22000000,250000000,311000000,-145000000
netIncome,3781000000,2765000000,3331000000,3309000000,5471000000,1714000000,1968000000,1927000000,1864000000,1859000000,1822000000,1563000000,1152000000,1365000000,1336000000,1310000000,1145000000,339000000,246000000,424000000,293000000,565000000,2000000.0,537000000,799000000,855000000,618000000,652000000,359000000,20000000,-76000000,364000000,429000000,-33000000,432000000,418000000,-118000000
netIncomeRatio,0.301948570515892,0.26126807143532077,0.2790483371031247,0.2701224489795918,0.4795757363253857,0.15484686963592015,0.1666243332486665,0.15210355987055016,0.15499750540495594,0.1581320176930929,0.1551562633057992,0.1469537420082738,0.12741953323747374,0.1212794313638383,0.13320039880358922,0.13694334099937278,0.13286145277326525,0.04226932668329177,0.03156679070961119,0.052011776251226695,0.036128236744759554,0.068978146746429,0.00018499676255665526,0.054253384522125685,0.07522832125035307,0.0811503416856492,0.058834729626808836,0.06929535551068126,0.040156599552572704,0.002289901534234028,-0.008800370541917554,0.04436319317489336,0.05539057456423499,-0.00434668071654373,0.05371130175307721,0.06587864460204886,-0.01612021857923497
eps,1.68,1.207951,1.436395,1.348411,2.049064,0.615661,0.679089,0.647513,0.615791,0.607516,0.556667,0.468936,0.325319,0.384483,0.345556,0.331111,0.293889,0.087778,0.063333,0.111111,0.077222,0.148889,0.000556,0.141667,0.203889,0.222222,0.163333,0.173056,0.096111,0.005556,-0.021111,0.100556,0.114444,-0.008333,0.077222,0.076111,-0.021667
epsdiluted,1.68,1.2,1.39,1.28,1.996667,0.603333,0.666667,0.64,0.61,0.596667,0.556667,0.451111,0.323333,0.371111,0.332222,0.313333,0.28,0.084444,0.063333,0.110556,0.076667,0.148333,0.000556,0.139444,0.201111,0.222222,0.163333,0.173056,0.095,0.005556,-0.021111,0.100556,0.114444,-0.008333,0.077222,0.076111,-0.021667
weightedAverageShsOut,2250000000,2289000000,2319000000,2454000000,2670000000,2784000000,2898000000,2976000000,3027000000,3060000000,3267000000,3333078000,3526623000,3637764000,3872430000,3960756000,3895650000,3866328000,3851352000,3829122000,3810024000,3796956000,3791088000,3795480000,3920328000,3845394000,3784860000,3767472000,3735260116,3600000000,3600000000,3530386740,3634951456,5365384615,5568345324,5491970803,5446153846
weightedAverageShsOutDil,2255000000,2304000000,2394000000,2583000000,2742000000,2844000000,2952000000,3006000000,3057000000,3120000000,3267000000,3460554000,3561174000,3677418000,4034520000,4193406000,4104432000,4050540000,3859128000,3843216000,3823362000,3803652000,3828528000,3855528000,3974256000,3845394000,3784860000,3767472000,3778947368,3600000000,3600000000,3530386740,3634951456,5365384615,5568345324,5491970803,5446153846
link,https://www.sec.gov/Archives/edgar/data/277948/000027794822000009/0000277948-22-000009-index.htm,https://www.sec.gov/Archives/edgar/data/277948/000027794821000014/0000277948-21-000014-index.htm,https://www.sec.gov/Archives/edgar/data/277948/000027794820000008/0000277948-20-000008-index.htm,https://www.sec.gov/Archives/edgar/data/277948/000027794819000011/0000277948-19-000011-index.htm,https://www.sec.gov/Archives/edgar/data/277948/000027794818000009/0000277948-18-000009-index.htm,https://www.sec.gov/Archives/edgar/data/277948/000027794817000009/0000277948-17-000009-index.htm,https://www.sec.gov/Archives/edgar/data/277948/000027794816000046/0000277948-16-000046-index.htm,https://www.sec.gov/Archives/edgar/data/277948/000027794815000010/0000277948-15-000010-index.htm,https://www.sec.gov/Archives/edgar/data/277948/000027794814000011/0000277948-14-000011-index.htm,https://www.sec.gov/Archives/edgar/data/277948/000027794813000008/0000277948-13-000008-index.htm,https://www.sec.gov/Archives/edgar/data/277948/000027794812000014/0000277948-12-000014-index.htm,https://www.sec.gov/Archives/edgar/data/277948/000114036111010655/0001140361-11-010655-index.htm,https://www.sec.gov/Archives/edgar/data/277948/000027794810000013/0000277948-10-000013-index.htm,https://www.sec.gov/Archives/edgar/data/277948/000027794809000042/0000277948-09-000042-index.htm,https://www.sec.gov/Archives/edgar/data/277948/000027794808000036/0000277948-08-000036-index.htm,https://www.sec.gov/Archives/edgar/data/277948/000119312507032135/0001193125-07-032135-index.htm,https://www.sec.gov/Archives/edgar/data/277948/000095014406001485/0000950144-06-001485-index.htm,https://www.sec.gov/Archives/edgar/data/277948/000095014405002216/0000950144-05-002216-index.htm,https://www.sec.gov/Archives/edgar/data/277948/000095014404002244/0000950144-04-002244-index.htm,https://www.sec.gov/Archives/edgar/data/277948/000091664103000356/0000916641-03-000356-index.htm,https://www.sec.gov/Archives/edgar/data/277948/000091664102000350/0000916641-02-000350-index.html,https://www.sec.gov/Archives/edgar/data/277948/000102140801001422/0001021408-01-001422-index.html,,https://www.sec.gov/Archives/edgar/data/277948/000027794899000002/0000277948-99-000002-index.html,,,,https://www.sec.gov/Archives/edgar/data/277948/0000277948-95-000003-index.html,,,,,,,,,
finalLink,https://www.sec.gov/Archives/edgar/data/277948/000027794822000009/csx-20211231.htm,https://www.sec.gov/Archives/edgar/data/277948/000027794821000014/csx-20201231.htm,https://www.sec.gov/Archives/edgar/data/277948/000027794820000008/csx-12312019x10k.htm,https://www.sec.gov/Archives/edgar/data/277948/000027794819000011/csx-12312018x10k.htm,https://www.sec.gov/Archives/edgar/data/277948/000027794818000009/csx-12312017x10k.htm,https://www.sec.gov/Archives/edgar/data/277948/000027794817000009/csx-12302016x10k.htm,https://www.sec.gov/Archives/edgar/data/277948/000027794816000046/csx-12252015x10k.htm,https://www.sec.gov/Archives/edgar/data/277948/000027794815000010/csx-12262014x10k.htm,https://www.sec.gov/Archives/edgar/data/277948/000027794814000011/csx-12272013x10k.htm,https://www.sec.gov/Archives/edgar/data/277948/000027794813000008/csx-12282012x10k.htm,https://www.sec.gov/Archives/edgar/data/277948/000027794812000014/csx-12302011x10k.htm,https://www.sec.gov/Archives/edgar/data/277948/000114036111010655/document_10k.htm,https://www.sec.gov/Archives/edgar/data/277948/000027794810000013/document_10k.htm,https://www.sec.gov/Archives/edgar/data/277948/000027794809000042/document_10k.htm,https://www.sec.gov/Archives/edgar/data/277948/000027794808000036/form2007_10k.htm,https://www.sec.gov/Archives/edgar/data/277948/000119312507032135/d10k.htm,https://www.sec.gov/Archives/edgar/data/277948/000095014406001485/g99714e10vk.htm,https://www.sec.gov/Archives/edgar/data/277948/000095014405002216/g93458e10vk.htm,https://www.sec.gov/Archives/edgar/data/277948/000095014404002244/g87590e10vk.htm,https://www.sec.gov/Archives/edgar/data/277948/000091664103000356/d10k.htm,https://www.sec.gov/Archives/edgar/data/277948/000091664102000350/d10k.txt,https://www.sec.gov/Archives/edgar/data/277948/000102140801001422/0001021408-01-001422-0001.txt,,https://www.sec.gov/Archives/edgar/data/277948/0000277948-99-000002.txt,,,,https://www.sec.gov/Archives/edgar/data/277948/,,,,,,,,,
